Time (ns)	RMSD	RMSF	rGyr	SASA
0	0	0.638	5.101	175.275
0.2	2.353	0.677	5.446	221.358
0.4	3.288	0.484	5.324	239.923
0.6	3.463	0.607	5.361	170.859
0.8	3.114	0.5	5.39	194.584
1	3.891	0.471	5.404	202.483
1.2	4.001	0.624	5.404	152.726
1.4	3.291	0.525	5.366	167.241
1.6	3.72	0.766	5.292	193.273
1.8	3.128	1.463	5.612	244.138
2	3.219	0.808	5.555	228.976
2.2	3.462	0.526	5.577	249.98
2.4	4.306	0.838	5.365	266.304
2.6	3.587	1.033	5.467	223.747
2.8	3.847	1.486	5.441	299.711
3	3.504	1.644	5.489	297.848
3.2	3.964	0.9	5.593	284.582
3.4	3.786	0.67	5.64	292.194
3.6	3.437	0.395	5.579	235.954
3.8	3.477	0.834	5.6	216.857
4	3.845	0.968	5.531	214.2
4.2	3.073	0.523	5.567	244.388
4.4	3.431	0.753	5.274	235.87
4.6	4.397	0.95	5.454	239.007
4.8	3.492	1.091	5.455	282.261
5	3.884	0.567	5.421	226.747
5.2	3.186	0.636	5.471	197.742
5.4	3.832		5.461	270.479
5.6	4.072		5.367	273.942
5.8	3.993		5.064	320.709
6	3.312		5.321	256.713
6.2	4.305		5.191	250.347
6.4	3.852		5.28	256.602
6.6	4.789		5.544	327.111
6.8	3.902		5.367	310.258
7	3.5		5.429	287.325
7.2	3.61		5.41	265.252
7.4	4.154		4.992	259.431
7.6	6.146		5.228	302.811
7.8	5.166		5.429	357.383
8	4.516		5.175	273.379
8.2	4.625		4.949	277.137
8.4	5.222		5.205	269.039
8.6	4.8		5.374	276.175
8.8	4.533		5.175	252.591
9	4.168		5.342	237.944
9.2	5.721		4.925	257.188
9.4	4.878		5.308	287.337
9.6	6.19		5.297	304.011
9.8	6.341		5.514	262.599
10	4.834		5.203	326.93
10.2	3.857		5.234	292.306
10.4	5.951		5.31	299.81
10.6	6.304		5.368	210.718
10.8	6.083		5.265	235.384
11	3.374		5.122	273.267
11.2	3.85		5.226	274.216
11.4	5.483		5.386	213.031
11.6	5.37		5.27	195.448
11.8	5.838		5.252	224.229
12	6.06		5.323	236.565
12.2	6.939		5.312	261.264
12.4	6.608		5.502	273.664
12.6	5.951		5.382	208.326
12.8	6.295		5.387	241.917
13	6.605		5.283	221.851
13.2	6.203		5.217	245.721
13.4	7.104		5.357	226.995
13.6	6.865		5.361	210.272
13.8	6.564		5.417	271.143
14	4.22		5.149	286.392
14.2	5.636		4.68	255.421
14.4	5.795		4.904	275.056
14.6	4.831		5.181	299.419
14.8	5.888		5.27	224.107
15	6.793		5.471	238.154
15.2	6.03		5.353	243.793
15.4	6.393		5.213	264.91
15.6	4.369		5.257	261.174
15.8	7.476		5.417	188.233
16	8.981		5.455	206.184
16.2	7.74		5.382	215.612
16.4	8.181		5.392	194.387
16.6	7.017		5.297	173.89
16.8	7.246		5.466	193.923
17	8.435		5.484	185.37
17.2	8.339		5.473	190.82
17.4	7.643		5.341	208.841
17.6	8.072		5.492	174.165
17.8	8.651		5.481	151.247
18	8.252		5.41	189.066
18.2	7.891		5.424	192.311
18.4	8.068		5.415	205.66
18.6	7.356		5.231	196.878
18.8	7.895		5.433	201.645
19	7.426		5.444	193.837
19.2	7.678		5.372	202.395
19.4	5.085		5.284	254.716
19.6	6.602		5.111	155.192
19.8	4.847		5.029	176.935
20	6.385		5.135	152.675
20.2	6.19		5.054	161.717
20.4	6.32		5.054	170.545
20.6	6.818		5.204	165.224
20.8	6.816		4.775	162.855
21	6.611		4.863	176.33
21.2	5.387		4.987	149.619
21.4	6.175		5.118	189.958
21.6	8.117		5.413	205.14
21.8	6.929		5.443	215.584
22	7.239		5.485	194.684
22.2	6.546		5.533	177.586
22.4	5.514		5.008	165.129
22.6	7.478		5.521	202.617
22.8	8.033		5.142	168.143
23	8.495		5.04	170.087
23.2	6.768		5.115	145.949
23.4	7.203		5.15	168.88
23.6	8.262		5.119	144.4
23.8	7.068		5.237	155.311
24	6.631		5.199	142.606
24.2	7.295		5.173	150.203
24.4	7.419		5.071	170.792
24.6	6.874		4.959	144.349
24.8	6.896		4.947	139.437
25	7.264		4.963	171.377
25.2	6.661		5.046	176.319
25.4	8.318		5.138	159.325
25.6	7.146		5.249	174.568
25.8	6.79		5.083	135.657
26	7.085		5.013	156.342
26.2	7.045		5.028	169.027
26.4	7.072		5.008	146.44
26.6	7.134		4.996	158.401
26.8	6.854		5.088	168.679
27	7.71		5.047	134.929
27.2	6.993		5.041	144.869
27.4	6.598		4.931	118.684
27.6	6.582		4.988	139.036
27.8	7.238		5.172	129.352
28	7.126		4.91	132.364
28.2	7.183		5.075	127.28
28.4	7.64		5.039	142.004
28.6	6.125		4.751	144.584
28.8	7.161		5.086	170.519
29	6.877		4.926	130.71
29.2	7.097		5.086	149.546
29.4	6.575		5.133	157.157
29.6	6.695		4.981	167.458
29.8	7.066		4.946	144.264
30	5.9		5.19	148.942
30.2	6.849		5.078	172.588
30.4	6.534		5.19	146.615
30.6	6.896		4.887	165.005
30.8	6.1		5.272	153.009
31	6.163		5.129	131.051
31.2	6.969		5.025	150.656
31.4	7.046		5.059	153.19
31.6	6.323		5.294	139.107
31.8	6.469		4.998	133.135
32	6.563		4.906	154.383
32.2	7.116		4.977	143.147
32.4	6.424		4.853	137.076
32.6	6.53		4.985	142.309
32.8	6.808		4.932	109.871
33	6.764		5.049	132.659
33.2	6.672		4.846	126.402
33.4	6.796		4.957	142.449
33.6	6.919		5.019	144.626
33.8	7.122		4.989	117.877
34	6.499		4.894	145.481
34.2	6.892		4.957	146.752
34.4	7.852		5.26	168.876
34.6	7.39		5.112	148.481
34.8	6.353		5.274	119.287
35	7.366		5.054	146.269
35.2	7.208		5.012	149.317
35.4	7.356		4.929	144.158
35.6	6.545		5.007	161.409
35.8	6.181		5.156	132.632
36	6.291		5.062	150.921
36.2	5.859		5.236	223.297
36.4	6.159		5.369	204.153
36.6	5.646		5.272	189.728
36.8	4.861		5.217	214.316
37	6.596		5.115	163.417
37.2	6.664		5.271	193.613
37.4	8.021		5.434	207.845
37.6	7.054		5.452	171.557
37.8	6.348		5.292	212.262
38	5.303		5.398	237.098
38.2	5.336		5.178	201.529
38.4	5.795		5.182	221.565
38.6	3.894		5.248	262.373
38.8	5.517		4.981	175.409
39	4.621		4.945	152.268
39.2	4.318		5.183	260.313
39.4	3.796		5.157	219.708
39.6	5.764		5.031	163.627
39.8	6.835		5.267	228.514
40	4.56		5.051	203.148
40.2	4.012		5.208	226.325
40.4	4.085		5.099	224.078
40.6	5.814		5.188	213.878
40.8	5.542		5.266	202.654
41	5.878		5.352	297.543
41.2	5.499		5.391	230.08
41.4	2.969		5.138	222.345
41.6	4.31		5.485	330.235
41.8	4.953		5.278	228.096
42	5.167		5.028	234.364
42.2	4.314		5.115	202.473
42.4	5.553		5.135	223.903
42.6	5.284		5.108	182.55
42.8	6.061		5.225	228.605
43	5.401		5.116	216.065
43.2	5.807		5.324	204.914
43.4	3.93		5.224	250.852
43.6	6.225		5.083	182.694
43.8	5.943		5.157	171.919
44	4.898		5.118	165.553
44.2	5.43		5.152	176.755
44.4	6.038		5.107	171.051
44.6	5.694		5.048	177.514
44.8	6.073		5.138	205.187
45	5.615		5.155	219.101
45.2	5.317		5.084	241.484
45.4	5.98		5.13	209.205
45.6	4.731		5.282	226.377
45.8	7.192		5.121	203.191
46	6.661		5.355	263.36
46.2	5.599		5.069	174.386
46.4	6.097		5.097	183.253
46.6	5.857		5.147	196.524
46.8	5.814		5.109	209.921
47	5.897		5.145	154.732
47.2	6.796		5.483	193.286
47.4	6.954		5.432	163.683
47.6	6.634		5.432	170.044
47.8	6.645		5.352	183.061
48	7.038		5.522	201.398
48.2	6.741		5.472	201.381
48.4	7.238		5.488	201.077
48.6	5.057		5.125	155.907
48.8	5.223		4.986	164.237
49	6.413		5.421	233.907
49.2	4.884		5.229	254.65
49.4	4.634		5.319	232.665
49.6	6.671		5.416	225.886
49.8	6.164		5.461	211.502
50	3.907		4.916	191.453
50.2	5.863		5.22	176.624
50.4	4.869		4.989	218.028
50.6	7.002		5.278	243.003
50.8	6.356		5.493	237.446
51	7.143		5.287	228.058
51.2	5.928		5.423	287.928
51.4	6.072		5.12	210.756
51.6	4.111		4.843	218.068
51.8	5.574		5.116	248.324
52	6.294		5.384	266.085
52.2	4.51		5.166	243.993
52.4	4.774		5.338	287.519
52.6	4.224		4.76	216.89
52.8	4.446		4.989	216.151
53	7.741		5.415	195.683
53.2	6.461		5.574	251.019
53.4	7.682		5.341	206.515
53.6	7.561		5.401	192.56
53.8	7.606		5.544	219.323
54	7.919		5.51	185.466
54.2	7.616		5.337	188.103
54.4	6.592		5.384	195.302
54.6	6.373		5.373	181.849
54.8	7.258		5.524	201.905
55	7.142		5.336	205.187
55.2	5.085		5.217	211.909
55.4	5.776		5.327	188.399
55.6	7.171		5.378	200.045
55.8	7.961		5.274	218.228
56	5.582		5.305	278.552
56.2	3.276		4.746	197.743
56.4	4.107		5.182	275.833
56.6	6.489		5.16	307.934
56.8	6.5		5.059	342.462
57	5.311		5.425	282.82
57.2	3.485		4.87	255.725
57.4	3.27		4.755	257.54
57.6	4.294		5.079	276.26
57.8	4.494		5.023	268.117
58	5.042		5.048	231.669
58.2	3.448		4.745	264.307
58.4	4.352		5.198	277.649
58.6	4.537		4.975	244.104
58.8	4.844		5.183	283.549
59	3.376		4.899	256.616
59.2	4.182		4.966	209.141
59.4	4.186		5.351	256.351
59.6	5.5		5.204	289.92
59.8	6.778		5.283	201.297
60	5.461		5.279	275.195
60.2	4.944		5.273	232.511
60.4	4.925		5.234	261.875
60.6	4.77		5.307	289.859
60.8	4.137		4.967	231.722
61	4.034		5.039	246.503
61.2	4.406		5.006	252.392
61.4	5.009		5.041	247.945
61.6	4.127		4.986	260.007
61.8	6.67		5.392	239.752
62	6.359		5.357	246.743
62.2	6.321		4.972	194.516
62.4	6.525		5.052	193.961
62.6	5.291		5.346	245.664
62.8	6.637		5.121	189.439
63	4.394		5.118	275.263
63.2	5.028		5.141	319.618
63.4	5.349		5.201	246.533
63.6	5.897		5.404	299.352
63.8	6.41		5.436	286.507
64	8.104		5.498	329.879
64.2	3.217		4.737	272.204
64.4	4.154		5.197	265.251
64.6	5.471		5.059	198.458
64.8	5.842		5.105	165.64
65	5.88		5.142	198.287
65.2	5.417		4.9	131.623
65.4	5.938		5.037	154.773
65.6	5.575		5.33	242.544
65.8	5.68		5.198	194.044
66	6.675		5.235	196.501
66.2	5.969		4.961	157.119
66.4	6.349		5.11	170.08
66.6	4.801		5.362	295.112
66.8	5.406		5.105	204.992
67	7.614		5.359	213.536
67.2	6.362		5.292	200.111
67.4	5.291		5.015	190.866
67.6	5.846		5.057	200.644
67.8	5.699		5.019	169.184
68	3.987		5.145	200.505
68.2	5.861		4.87	175.002
68.4	4.125		4.913	210.21
68.6	6.468		5.469	275.221
68.8	5.149		5.019	189.48
69	3.965		5.043	181.802
69.2	5.654		5.089	171.686
69.4	5.669		4.924	210.876
69.6	6.849		5.367	221.816
69.8	6.174		5.111	195.686
70	4.72		5.161	220.723
70.2	7.98		5.383	224.402
70.4	5.139		5.29	216.856
70.6	4.922		5.269	267.445
70.8	3.958		5.139	218.678
71	3.722		4.937	233.356
71.2	5.843		5.185	198.272
71.4	4.845		5.095	220.968
71.6	4.574		5.096	280.628
71.8	4.413		5.202	251.794
72	4.51		4.979	250.625
72.2	4.648		5.027	272.423
72.4	3.476		4.899	222.22
72.6	4.1		4.989	260.421
72.8	5.095		5.111	262.994
73	6.253		5.325	267.962
73.2	4.204		5.108	279.165
73.4	6.845		5.415	207.234
73.6	5.463		5.449	289.93
73.8	4.691		4.999	217.488
74	4.189		5.169	244.154
74.2	5.06		5.318	244.764
74.4	6.265		5.361	223.799
74.6	4.863		5.375	267.873
74.8	5.826		5.428	321.671
75	4.9		5.358	271.127
75.2	6.515		5.383	274.577
75.4	5.201		5.321	290.622
75.6	5.347		5.22	289.094
75.8	6.469		5.259	288.722
76	6.206		5.509	294.121
76.2	5.779		5.325	239.302
76.4	6.407		5.288	223.814
76.6	6.5		5.572	243.544
76.8	7.126		5.501	278.225
77	6.299		5.531	263.187
77.2	7.266		5.498	288.401
77.4	8.545		5.296	258.038
77.6	7.979		5.2	238.537
77.8	7.342		5.331	289.81
78	7.986		5.344	241.515
78.2	6.876		5.273	241.713
78.4	8.441		5.184	248.61
78.6	8.119		5.267	257.528
78.8	8.305		5.156	235.685
79	8.55		5.238	278.689
79.2	7.665		5.111	225.037
79.4	7.668		5.292	249.771
79.6	7.961		5.166	226.577
79.8	8.166		5.19	231.475
80	8.037		5.123	235.757
80.2	8.096		5.334	240.123
80.4	8.039		5.268	246.3
80.6	7.778		5.435	225.431
80.8	7.665		5.459	264.109
81	7.166		5.364	254.349
81.2	7.969		5.244	249.832
81.4	8.199		5.323	265.049
81.6	7.06		5.224	253.505
81.8	7.989		5.347	281.104
82	8.651		5.126	225.661
82.2	8.042		5.491	277.631
82.4	8.621		5.259	234.149
82.6	8.438		5.388	286.107
82.8	8.845		5.096	235.325
83	7.015		5.396	246.455
83.2	7.997		5.43	253.05
83.4	6.919		5.355	263.689
83.6	8.262		5.233	266.984
83.8	8.222		5.19	248.27
84	8.04		5.218	267.859
84.2	6.595		5.322	249.755
84.4	7.283		5.34	261.081
84.6	7.58		5.356	271.776
84.8	6.997		5.338	249.188
85	6.479		5.383	256.246
85.2	8.315		5.15	242.819
85.4	8.427		5.349	246.58
85.6	8.456		5.185	254.78
85.8	7.218		5.292	258.84
86	7.251		5.361	266.596
86.2	7.817		5.376	246.174
86.4	7.792		5.162	244.153
86.6	9.126		5.074	237.546
86.8	8.404		5.046	239.715
87	9.323		5.211	251.576
87.2	9.179		5.309	273.808
87.4	9.201		5.183	241.142
87.6	8.264		5.113	246.399
87.8	7.948		5.255	252.96
88	8.4		5.139	225.6
88.2	9.028		5.278	267.46
88.4	8.244		5.393	282.519
88.6	9.289		5.235	249.313
88.8	8.069		5.458	267.962
89	7.823		5.47	294.207
89.2	8.348		5.249	226.744
89.4	9.462		5.226	285.571
89.6	9.064		5.219	268.965
89.8	9.21		5.055	269.005
90	9.459		5.132	270.192
90.2	8.959		5.21	265.836
90.4	7.692		5.237	244.431
90.6	7.613		5.414	234.245
90.8	8.727		5.386	265.336
91	8.002		5.157	249.41
91.2	8.653		5.321	263.359
91.4	8.82		5.222	254.428
91.6	8.646		5.377	235.09
91.8	7.512		5.367	227.192
92	7.995		5.35	272.027
92.2	8.218		5.486	271.308
92.4	8.035		5.375	266.868
92.6	7.255		5.293	237.056
92.8	7.597		5.285	255.313
93	9.165		5.451	284.409
93.2	8.581		5.298	260.123
93.4	8.005		5.148	250.261
93.6	8.753		5.254	274.907
93.8	7.915		5.186	265.112
94	7.288		5.49	272.829
94.2	8.258		5.1	251.037
94.4	8.621		5.116	260.847
94.6	7.878		5.204	245.638
94.8	7.645		5.222	231.458
95	9.375		5.276	288.092
95.2	9.298		5.205	269.441
95.4	9.423		5.118	274.673
95.6	8.527		5.304	251.807
95.8	8.3		5.186	236.962
96	9.206		5.171	236.382
96.2	9.16		5.333	285.562
96.4	8.098		5.21	245.766
96.6	8.317		5.102	250.34
96.8	8.499		5.409	264.585
97	6.523		5.11	220.368
97.2	7.597		5.016	244.542
97.4	8.754		5.354	286.637
97.6	9.075		5.185	236.122
97.8	8.865		5.467	329.103
98	8.413		5.27	273.919
98.2	7.596		5.248	249.51
98.4	8.078		5.44	273.406
98.6	9.012		5.202	259.965
98.8	7.939		5.433	258.332
99	9.483		5.455	291.193
99.2	7.927		5.516	292.215
99.4	7.294		5.425	264.422
99.6	8.192		5.227	233.464
99.8	9.137		5.547	287.911
100	7.774		5.283	218.677
100.2	8.152		5.288	237.459
100.4	6.29		5.355	264.087
100.6	6.529		5.349	240
100.8	7.571		5.429	239.87
101	7.972		5.285	248.31
101.2	6.579		5.311	217.15
101.4	8.184		5.284	259.488
101.6	5.771		5.301	211.991
101.8	8.168		5.33	255.962
102	7.919		5.326	244.931
102.2	7.688		5.387	263.908
102.4	8.711		5.348	262.636
102.6	7.699		5.289	261.749
102.8	7.815		5.385	249.262
103	7.601		5.266	222.994
103.2	7.824		5.296	249.967
103.4	7.589		5.175	222.155
103.6	8.852		5.081	215.493
103.8	8.837		5.352	236.172
104	8.322		5.331	237.335
104.2	8.658		5.339	245.032
104.4	7.464		5.329	237.668
104.6	8.752		5.236	257.764
104.8	8.277		5.327	235.346
105	8.387		5.295	269.987
105.2	8.102		5.259	249.111
105.4	7.769		5.44	264.94
105.6	7.81		5.426	253.148
105.8	8.509		5.344	247.013
106	8.31		5.334	283.082
106.2	8.14		5.223	254.175
106.4	8.071		5.37	279.046
106.6	7.734		5.293	274.818
106.8	8.08		5.271	263.406
107	7.277		5.379	254.893
107.2	8.157		5.259	245.689
107.4	7.504		5.347	287.077
107.6	7.655		5.233	265.672
107.8	7.988		5.27	260.911
108	7.594		5.313	267.511
108.2	7.563		5.26	244.543
108.4	7.582		5.279	255.071
108.6	5.722		5.478	275.837
108.8	8.895		5.467	292.933
109	8.536		5.251	256.596
109.2	8.142		5.43	268.296
109.4	6.819		5.29	228.257
109.6	7.716		5.398	279.554
109.8	8.119		5.335	256.205
110	7.262		5.242	258.015
110.2	7.188		5.383	266.525
110.4	8.004		5.318	254.175
110.6	7.098		5.354	274.009
110.8	7.552		5.137	269.944
111	8.179		5.342	273.709
111.2	8.258		5.414	309.309
111.4	7.766		5.386	276.392
111.6	9.065		5.056	230.997
111.8	7.789		5.492	263.701
112	8.721		5.396	270.953
112.2	8.866		5.27	264.717
112.4	8.119		5.339	259.028
112.6	8.334		5.421	279.654
112.8	9.124		5.467	294.803
113	8.518		5.214	257.297
113.2	8.96		5.248	268.624
113.4	8.93		5.227	261.418
113.6	8.14		5.31	252.958
113.8	8.148		5.432	271.46
114	9.723		5.388	295.234
114.2	9.012		5.435	296.249
114.4	9.106		5.444	309.28
114.6	7.603		5.348	273.219
114.8	8.529		5.321	280.395
115	8.739		5.371	284.745
115.2	8.417		5.217	233.305
115.4	8.796		5.218	254.097
115.6	8.258		5.484	274.561
115.8	7.34		5.311	248.201
116	9.58		5.232	264.186
116.2	8.624		5.329	297.306
116.4	8.45		5.437	302.288
116.6	8.317		5.189	264.966
116.8	8.883		5.328	273.768
117	9.19		5.163	268.261
117.2	9.275		5.241	248.222
117.4	8.085		5.471	283.892
117.6	8.785		5.291	274.867
117.8	8.778		5.378	303.601
118	8.052		5.332	258.786
118.2	7.432		5.289	228.845
118.4	8.041		5.409	236.883
118.6	6.778		5.197	175.781
118.8	8.881		5.341	293.759
119	8.045		5.469	278.932
119.2	8.46		5.394	282.551
119.4	8.07		5.251	233.477
119.6	6.97		5.312	239.877
119.8	7.862		5.368	255.072
120	7.444		5.384	258.229
120.2	8.223		5.386	292.314
120.4	7.546		5.224	251.446
120.6	7.319		5.407	282.81
120.8	7.205		5.302	266.712
121	7.756		5.351	247.052
121.2	8.009		5.582	296.71
121.4	8.082		5.52	298.606
121.6	8.118		5.339	271.856
121.8	8.363		5.271	255.169
122	7.123		5.396	246.526
122.2	8.258		5.342	220.501
122.4	9.307		5.417	277.151
122.6	7.951		5.269	271.013
122.8	8.492		5.312	263.658
123	8.064		5.346	255.913
123.2	7.963		5.43	258.006
123.4	7.585		5.322	253.848
123.6	8.139		5.375	278.865
123.8	9.099		5.458	278.319
124	8.9		5.157	255.665
124.2	9.318		5.11	200.764
124.4	8.291		5.448	264.405
124.6	7.823		5.529	255.05
124.8	8.043		5.321	264.816
125	9.351		5.381	217.687
125.2	7.87		5.489	258.374
125.4	8.628		5.33	256.406
125.6	8.919		5.207	216.917
125.8	7.76		5.202	235.006
126	8.89		5.265	237.42
126.2	9.367		5.207	247.848
126.4	9.647		5.187	249.977
126.6	8.243		5.216	242.473
126.8	8.45		5.218	253.104
127	6.826		5.449	237.516
127.2	8.67		5.278	261.41
127.4	7.821		5.419	285.666
127.6	7.844		5.128	250.266
127.8	8.735		5.014	237.455
128	8.09		5.406	252.984
128.2	7.897		5.402	250.897
128.4	7.293		5.307	273.47
128.6	7.706		5.168	254.72
128.8	8.417		5.152	252.946
129	7.406		5.356	270.147
129.2	7.751		5.177	256.927
129.4	7.473		5.446	269.696
129.6	7.147		5.122	220.302
129.8	8.761		5.135	263.48
130	7.946		5.295	258.657
130.2	7.981		5.198	233.643
130.4	6.594		5.316	247.053
130.6	7.519		5.304	251.404
130.8	8.124		5.258	251.189
131	6.843		5.202	216.576
131.2	7.67		5.289	246.816
131.4	6.979		5.315	238.528
131.6	7.46		5.359	254.309
131.8	8.209		5.34	258.547
132	6.693		5.318	241.033
132.2	6.796		5.382	247.346
132.4	7.903		5.533	278.547
132.6	7.602		5.382	233.93
132.8	8.56		5.234	239.882
133	7.84		5.252	222.043
133.2	9.313		5.083	232.52
133.4	9.15		5.219	251.253
133.6	7.442		5.265	254.55
133.8	8.766		5.087	248.16
134	8.302		5.044	239.933
134.2	7.452		5.485	276.781
134.4	7.367		5.481	262.251
134.6	8.111		5.049	224.925
134.8	8.729		5.311	260.908
135	7.738		5.255	246.948
135.2	8.016		5.27	236.791
135.4	8.149		5.262	264.924
135.6	7.601		5.283	251.817
135.8	8.243		5.232	227.912
136	7.303		5.332	267.497
136.2	8.492		5.118	239.506
136.4	8.343		5.326	258.343
136.6	8.64		5.047	261.075
136.8	8.506		5.274	255.049
137	7.614		5.285	214.83
137.2	8.178		5.407	238.905
137.4	8.246		5.338	260.643
137.6	7.538		5.503	278.26
137.8	7.555		5.453	243.107
138	7.398		5.358	250.198
138.2	8.438		5.328	245.067
138.4	9.371		5.085	254.406
138.6	9.766		5.146	268.616
138.8	8.13		5.342	245.806
139	8.255		5.097	240.612
139.2	8.549		5.305	259.541
139.4	8.088		5.281	258.059
139.6	8.358		5.256	268.081
139.8	6.722		5.177	217.973
140	7.343		5.152	236.421
140.2	7.989		5.193	249.411
140.4	8.994		5.149	269.794
140.6	8.286		4.926	238.675
140.8	7.801		5.013	221.188
141	9.12		5.093	228.958
141.2	8.869		5.36	291.88
141.4	7.836		5.142	244.503
141.6	7.927		5.474	299.742
141.8	7.516		5.238	254.544
142	8.154		5.095	227.138
142.2	8.55		5.187	250.525
142.4	8.667		5.229	246.265
142.6	7.957		5.1	243.574
142.8	7.909		5.178	243.445
143	7.359		5.384	253.387
143.2	7.68		5.23	223.515
143.4	7.768		5.183	241.814
143.6	7.987		5.048	242.339
143.8	8.533		5.146	241.863
144	8.693		5.194	231.677
144.2	7.076		5.21	236.749
144.4	8.578		5.144	241.805
144.6	8.922		5.105	231.076
144.8	8.741		5.213	246.075
145	8.196		5.131	236.282
145.2	8.701		5.061	220.988
145.4	8.313		5.221	266.303
145.6	8.286		5.304	235.292
145.8	7.304		5.466	240.972
146	7.474		5.15	247.61
146.2	8.384		5.436	289.888
146.4	7.763		5.351	266.285
146.6	7.579		5.361	231.518
146.8	9.056		5.259	237.453
147	8.612		5.274	238.959
147.2	6.857		5.281	227.144
147.4	6.408		5.343	218.499
147.6	7.977		5.266	225.572
147.8	6.656		5.309	223.478
148	8.047		5.36	259.385
148.2	7.732		5.325	265.495
148.4	9.013		5.317	226.897
148.6	8.221		5.149	221.78
148.8	9.06		4.977	244.625
149	7.102		5.419	257.514
149.2	7.906		5.315	266.574
149.4	8.547		5.135	206.695
149.6	8.809		5.272	240.772
149.8	7.936		5.052	221.623
150	8.612		5.097	248.237
150.2	9.173		5.053	218.438
150.4	8.628		5.112	236.059
150.6	7.623		5.454	267.9
150.8	7.767		5.333	253.1
151	8.624		4.957	224.691
151.2	8.467		5.309	264.354
151.4	8.109		5.339	279.626
151.6	8.213		5.201	235.41
151.8	9.028		5.107	231.303
152	8.5		5.258	264.007
152.2	8.429		5.117	247.536
152.4	8.609		5.494	288.245
152.6	6.301		5.474	258.597
152.8	8.264		5.283	254.326
153	8.36		5.281	282.36
153.2	8.511		5.232	270.177
153.4	7.617		5.366	248.148
153.6	8.199		5.404	265.473
153.8	7.395		5.291	237.237
154	8.083		5.25	239.761
154.2	7.421		5.348	230.661
154.4	6.889		5.33	221.427
154.6	8.856		5.023	240.051
154.8	8.821		5.083	221.088
155	7.704		5.176	216.554
155.2	8.045		5.049	250.607
155.4	8.104		5.182	215.627
155.6	8.63		5.207	261.817
155.8	8.712		5.35	260.575
156	6.815		5.296	215.663
156.2	8.056		5.405	246.384
156.4	8.161		5.423	266.31
156.6	7.604		5.083	241.569
156.8	8.519		5.391	259.592
157	8.306		5.226	240.12
157.2	8.69		5.086	235.137
157.4	9.199		5.147	260.581
157.6	7.303		5.363	253.415
157.8	7.606		5.415	242.485
158	7.927		5.188	255.557
158.2	8.602		5.122	255.822
158.4	7.323		5.434	255.896
158.6	8.928		5.049	226.289
158.8	7.26		5.249	228.577
159	8.206		5.404	210.135
159.2	7.656		5.436	249.309
159.4	8.686		5.053	219.47
159.6	8.978		5.17	234.458
159.8	8.368		4.999	239.951
160	7.778		5.436	261.238
160.2	8.542		5.36	231.881
160.4	8.404		5.375	280.853
160.6	8.173		5.454	289.353
160.8	8.149		5.257	267.689
161	8.116		5.138	222.504
161.2	7.607		5.241	262.112
161.4	8.481		5.031	203.123
161.6	8.394		5.604	267.127
161.8	8.629		5.229	236.821
162	7.183		5.324	223.987
162.2	7.94		5.27	238.03
162.4	9.305		5.371	247.508
162.6	8.261		5.322	271.207
162.8	8.535		5.02	239.406
163	8.486		5.013	247.953
163.2	8.972		5.026	237.703
163.4	8.788		5.369	272.347
163.6	8.336		5.366	279.234
163.8	7.806		5.226	253.512
164	7.822		5.369	281.298
164.2	8.737		5.455	292.974
164.4	9.277		5.13	223.097
164.6	9.407		4.979	239.285
164.8	8.93		5.156	245.781
165	8.87		5.141	251.616
165.2	7.895		5.341	231.186
165.4	9.366		5.065	225.865
165.6	9.131		5.191	231.077
165.8	8.881		4.988	226.194
166	8.116		5.337	263.645
166.2	8.739		5.301	255.296
166.4	7.535		5.475	275.178
166.6	8.915		5.112	257.425
166.8	7.223		5.368	288.017
167	7.891		5.228	249.822
167.2	8.678		5.134	258.777
167.4	8.365		5.127	243.106
167.6	8.031		5.433	288.476
167.8	8.142		5.259	267.713
168	9.106		4.979	240.359
168.2	8.36		5.249	248.684
168.4	9.148		5.036	243.376
168.6	7.77		5.409	264.771
168.8	8.583		5.156	240.85
169	7.548		5.467	300.651
169.2	8.623		5.231	263.574
169.4	8.299		5.505	284.569
169.6	8.532		5.176	259.837
169.8	7.184		5.41	263.11
170	8.328		5.08	258.116
170.2	8.396		5.195	270.622
170.4	8.106		5.039	227.387
170.6	8.258		5.444	298.541
170.8	9.3		5.252	293.042
171	7.813		5.339	235.787
171.2	8.751		5.231	266.888
171.4	7.633		5.41	286.072
171.6	9.243		5.289	278.788
171.8	8.526		5.24	259.5
172	7.82		5.203	278.045
172.2	7.827		5.448	249.995
172.4	8.341		5.168	237.973
172.6	8.76		5.169	266.87
172.8	7.774		5.362	308.368
173	8.28		5.31	266.761
173.2	5.666		5.382	253.725
173.4	7.912		5.429	290.158
173.6	8.614		5.218	227.618
173.8	7.897		5.211	249.637
174	8.357		5.34	280.051
174.2	8.456		5.195	264.135
174.4	8.349		5.198	246.273
174.6	8.984		5.246	267.736
174.8	7.784		5.128	228.88
175	9.273		5.218	250.09
175.2	8.472		5.15	272.473
175.4	8.273		5.388	295.263
175.6	7.644		5.131	268.668
175.8	8.451		5.091	263.179
176	8.931		5.312	288.995
176.2	8.058		5.425	306.652
176.4	8.781		5.287	287.568
176.6	8.232		5.163	255.58
176.8	7.77		5.01	250.621
177	8.011		5.465	292.427
177.2	7.596		5.228	285.544
177.4	8.448		5.062	226.798
177.6	8.415		5.326	280.715
177.8	8.154		5.362	292.656
178	8.318		5.129	255.946
178.2	7.249		5.352	284.546
178.4	8.53		5.245	243.912
178.6	7.112		5.252	273.089
178.8	8.583		5.369	284.212
179	8.761		5.115	249.959
179.2	8.818		5.131	271.785
179.4	8.083		5.324	275.736
179.6	8.077		5.119	265.585
179.8	7.977		5.359	279.391
180	8.36		5.31	273.162
180.2	8.623		5.098	217.162
180.4	8.533		4.952	208.085
180.6	8.81		5.028	209.184
180.8	7.847		5.407	246.547
181	8.226		5.235	264.608
181.2	8.29		5.334	260.913
181.4	7.884		5.392	279.883
181.6	7.861		5.329	272.66
181.8	7.891		5.371	277.726
182	8.215		5.467	256.69
182.2	8.214		5.227	250.975
182.4	8.429		5.315	240.169
182.6	9.593		5.093	206.005
182.8	8.605		5.286	211.019
183	8.459		5.344	264.029
183.2	8.404		5.009	230.261
183.4	9.059		5.002	252.497
183.6	9.581		5.127	240.852
183.8	7.913		5.321	243.825
184	7.997		5.345	260.072
184.2	9.489		5.207	253.574
184.4	8.99		5.044	221.206
184.6	8.338		5.241	248.974
184.8	8.48		5.238	228.495
185	8.36		4.961	215.977
185.2	8.553		5.091	224.091
185.4	9.142		5.061	244.73
185.6	7.399		5.196	240.259
185.8	9.894		5.122	261.254
186	8.066		5.345	267.101
186.2	8.483		5.166	240.656
186.4	7.44		5.256	261.031
186.6	8.565		5.268	279.001
186.8	7.771		5.118	215.997
187	7.599		5.188	259.196
187.2	8.328		5.161	228.815
187.4	9.281		5.322	274.784
187.6	8.245		5.379	299.72
187.8	8.19		5.306	263.259
188	7.161		5.461	273.529
188.2	8.024		5.287	249.051
188.4	8.03		5.135	217.641
188.6	8.535		5.133	250.929
188.8	8.082		5.338	272.126
189	8.453		5.101	232.293
189.2	8.569		5.117	240.204
189.4	8.225		5.41	277.659
189.6	8.244		5.418	264.421
189.8	8.21		5.492	301.988
190	7.211		5.369	257.504
190.2	8.52		5.159	236.713
190.4	8.752		5.339	249.321
190.6	7.844		5.291	247.354
190.8	8.684		5.225	254.835
191	8.836		5.246	263.867
191.2	6.903		5.391	240.416
191.4	7.903		5.334	266.052
191.6	8.815		5.36	288.898
191.8	7.94		5.362	272.812
192	6.914		5.342	242.679
192.2	6.862		5.47	277.878
192.4	6.786		5.488	235.603
192.6	7.216		5.23	229.73
192.8	8.271		5.362	244.92
193	7.807		5.346	259.693
193.2	8.204		5.462	275.62
193.4	7.711		5.366	233.517
193.6	8.392		5.236	274.181
193.8	7.767		5.294	272.472
194	7.978		5.323	280.243
194.2	8.181		5.459	292.052
194.4	8.804		5.053	217.395
194.6	8.268		5.308	253.226
194.8	8.805		5.443	308.471
195	8.599		5.434	279.522
195.2	8.343		5.32	259.775
195.4	8.145		5.335	272.652
195.6	8.313		5.42	287.681
195.8	9.5		5.265	271.218
196	8.975		5.318	267.218
196.2	8.229		5.183	250.633
196.4	9.117		5.478	301.867
196.6	10.631		5.31	285.605
196.8	8.327		5.195	242.503
197	8.996		5.448	298.495
197.2	8.449		5.286	261.086
197.4	8.597		5.148	245.268
197.6	8.097		5.503	273.331
197.8	8.705		5.069	238.717
198	9.218		5.138	257.954
198.2	8.642		5.074	231.505
198.4	9.232		5.128	249.568
198.6	9.719		5.052	237.963
198.8	8.7		5.17	223.738
199	8.714		5.033	220.656
199.2	8.65		5.292	266.25
199.4	8.399		5.283	267.365
199.6	8.77		5.069	242.898
199.8	8.767		5.102	270.323
200	8.915		5.12	233.589
200.2	9.17		5.024	231.551
