#		Time (ns)	RMSD	RMSF	rGyr	SASA
		0	0	0.636	4.964	142.003
		0.2	4.267	0.768	5.428	281.002
		0.4	4.236	0.576	5.489	296.427
		0.6	4.17	0.98	5.275	233.15
		0.8	4.211	0.84	5.49	262.126
		1	3.892	0.509	5.39	284.947
		1.2	5.013	0.633	5.078	234.024
		1.4	5.395	0.467	5.225	234.569
		1.6	6.761	0.831	5.12	267.25
		1.8	3.292	0.91	5.207	232.131
		2	3.892	0.529	5.195	290.345
		2.2	4.456	0.49	5.331	298.473
		2.4	3.822	0.713	5.276	263.755
		2.6	5.118	1.109	5.353	312.706
		2.8	4.694	1.081	5.412	319.749
		3	2.892	1.068	5.197	291.819
		3.2	3.747	0.826	5.341	289.076
		3.4	4.065	0.724	5.302	282.81
		3.6	4.312	0.412	5.164	270.214
		3.8	4.44	0.95	5.255	302.364
		4	3.546	1.113	5.282	266.744
		4.2	6.091	0.518	5.185	260.74
		4.4	5.996	0.734	5.28	248.513
		4.6	7.182	0.918	5.118	275.061
		4.8	6.069	1.148	5.255	197.511
		5	6.161	0.558	5.156	227.632
		5.2	8.036	0.706	5.416	266.72
		5.4	5.816		5.102	230.082
		5.6	5.626		5.152	257.131
		5.8	6.56		5.153	196.256
		6	7.163		4.971	183.776
		6.2	6.725		5.125	192.167
		6.4	6.615		5.468	224.075
		6.6	7.039		5.525	248.156
		6.8	7.744		5.477	230.194
		7	6.551		5.222	169.307
		7.2	7.3		5.11	193.032
		7.4	7.437		5.32	183.208
		7.6	7.11		5.275	209.421
		7.8	6.757		5.379	216.721
		8	6.71		5.293	182.684
		8.2	6.785		5.344	182.207
		8.4	6.826		5.276	209.743
		8.6	6.034		5.349	245.634
		8.8	7.773		5.557	237.379
		9	6.895		5.34	221.143
		9.2	6.999		5.506	238.027
		9.4	6.532		5.146	223.564
		9.6	7.112		5.449	235.425
		9.8	7.021		5.411	240.985
		10	7.66		5.466	193.723
		10.2	6.668		5.371	186.371
		10.4	6.949		5.444	215.452
		10.6	8.127		5.422	231.197
		10.8	6.835		5.319	219.629
		11	6.867		5.324	237.928
		11.2	7.584		5.533	214.248
		11.4	6.703		5.307	172.815
		11.6	7.38		5.481	227.594
		11.8	7.228		5.338	227.617
		12	7.784		5.421	234.086
		12.2	7.575		5.237	222.302
		12.4	7.554		5.336	176.173
		12.6	7.863		5.445	241.886
		12.8	7.393		5.316	235.832
		13	7.58		5.413	225.04
		13.2	7.208		5.458	197.135
		13.4	7.224		5.315	213.498
		13.6	7.771		5.412	205.78
		13.8	7.09		5.329	218.93
		14	6.941		5.409	186.482
		14.2	7.259		5.373	207.031
		14.4	8.182		5.171	257.666
		14.6	6.799		5.114	176.282
		14.8	6.357		5.166	226.845
		15	9.103		5.224	229.009
		15.2	7.453		5.309	212.687
		15.4	7.032		5.323	219.035
		15.6	8.255		5.631	232.572
		15.8	7.357		5.294	200.188
		16	7.383		5.456	240.874
		16.2	7.052		5.32	226.733
		16.4	7.684		5.523	222.128
		16.6	7.449		5.43	221.106
		16.8	8.253		5.308	188.034
		17	7.638		5.559	240.531
		17.2	7.15		5.227	196.283
		17.4	6.851		5.383	222.177
		17.6	7.224		5.408	204.262
		17.8	7.518		5.403	205.396
		18	7.597		5.354	167.525
		18.2	8.051		5.331	212.846
		18.4	8.175		5.447	214.12
		18.6	8.505		5.469	196.819
		18.8	8.125		5.286	219.21
		19	6.928		5.269	212.99
		19.2	6.93		5.355	221.443
		19.4	7.875		5.366	220.537
		19.6	7.257		5.284	203.425
		19.8	7.72		5.127	184.56
		20	6.967		5.363	201.365
		20.2	6.169		5.184	196.705
		20.4	6.798		5.421	203.55
		20.6	7.442		5.384	207.601
		20.8	7.584		5.315	236.346
		21	6.907		5.208	217.918
		21.2	6.799		5.349	250.831
		21.4	7.44		5.293	211.793
		21.6	6.88		5.496	201.687
		21.8	6.902		5.35	216.503
		22	8.708		5.431	269.357
		22.2	7.753		5.481	250.255
		22.4	7.209		5.323	220.173
		22.6	7.731		5.355	239.33
		22.8	7.41		5.479	225.296
		23	6.773		5.401	195.435
		23.2	6.554		5.398	239.643
		23.4	7.002		5.361	242.398
		23.6	7.495		5.453	237.049
		23.8	7.429		5.383	219.032
		24	7.047		5.518	225.947
		24.2	7.051		5.244	234.222
		24.4	7.978		5.301	205.84
		24.6	7.563		5.494	238.836
		24.8	7.919		5.377	202.632
		25	6.768		5.377	221.151
		25.2	7.348		5.371	265.96
		25.4	6.861		5.502	234.994
		25.6	7.23		5.395	237.702
		25.8	7.476		5.479	207.172
		26	7.047		5.364	242.158
		26.2	7.166		5.539	248.754
		26.4	7.766		5.444	227.162
		26.6	7.324		5.45	208.241
		26.8	7.208		5.431	216.892
		27	6.841		5.373	225.356
		27.2	7.739		5.588	257.787
		27.4	7.026		5.448	226.666
		27.6	7.166		5.356	218.365
		27.8	7.641		5.309	245.884
		28	7.861		5.307	215.975
		28.2	7.465		5.23	241.296
		28.4	7.485		5.415	240.083
		28.6	7.486		5.377	241.847
		28.8	5.407		5.349	267.485
		29	6.085		5.109	249.201
		29.2	7.659		5.357	235.094
		29.4	7.883		5.339	248.757
		29.6	7.706		5.25	230.425
		29.8	6.711		5.362	210.181
		30	7.299		5.377	236.566
		30.2	7.207		5.331	205.873
		30.4	6.904		5.332	197.765
		30.6	7.767		5.433	223.108
		30.8	5.971		5.345	262.3
		31	7.163		5.329	252.367
		31.2	7.196		5.245	237.996
		31.4	6.301		5.326	206.711
		31.6	9.103		5.521	218.411
		31.8	7.477		5.334	257.841
		32	6.864		5.527	212.095
		32.2	7.794		5.345	263.222
		32.4	7.05		5.059	216.838
		32.6	7.826		5.043	236.241
		32.8	6.565		5.467	302.052
		33	6.634		5.097	243.478
		33.2	7.254		5.287	234.946
		33.4	7.074		5.316	197.872
		33.6	7.284		5.366	231.12
		33.8	7.387		5.408	216.022
		34	7.214		5.346	254.312
		34.2	7.832		5.53	272.302
		34.4	6.829		5.273	219.476
		34.6	6.975		5.285	228.508
		34.8	7.052		5.283	260.528
		35	7.084		5.233	198.809
		35.2	8.346		5.424	207.014
		35.4	8.389		5.595	210.074
		35.6	7.661		5.541	236.588
		35.8	8.249		5.586	234.202
		36	7.833		5.565	229.465
		36.2	7.55		5.31	201.967
		36.4	7.228		5.112	199.069
		36.6	7.995		5.515	202.893
		36.8	7.336		5.538	241.326
		37	7.344		5.332	217.379
		37.2	7.09		5.467	232.566
		37.4	7.515		5.433	249.932
		37.6	7.297		5.24	226.307
		37.8	8.198		5.273	238.666
		38	6.946		5.375	226.97
		38.2	5.746		5.406	226.425
		38.4	7.554		5.509	249.78
		38.6	7.678		5.439	255.226
		38.8	7.532		5.439	218.111
		39	6.992		5.443	237.208
		39.2	7.066		5.409	260.189
		39.4	7.735		5.359	255.267
		39.6	7.347		5.534	267.436
		39.8	6.84		5.398	271.862
		40	7.039		5.315	264.401
		40.2	6.99		5.316	270.902
		40.4	7.411		5.375	274.379
		40.6	7.554		5.427	242.053
		40.8	6.801		5.427	232.711
		41	7.386		5.429	304.891
		41.2	7.659		5.244	224.019
		41.4	6.125		5.457	239.236
		41.6	6.797		5.531	233.244
		41.8	7.117		5.412	245.867
		42	7.961		5.44	224.197
		42.2	7.528		5.443	242.924
		42.4	7.059		5.304	259.519
		42.6	7.479		5.467	239.048
		42.8	7.189		5.361	220.408
		43	8.404		5.237	227.472
		43.2	7.722		5.23	208.083
		43.4	8.47		5.419	174.978
		43.6	8.375		5.292	204.391
		43.8	7.891		5.449	223.897
		44	7.217		5.307	169.451
		44.2	8.037		5.394	202.888
		44.4	7.642		5.284	194.807
		44.6	7.449		5.2	177.538
		44.8	7.327		5.608	257.231
		45	7.132		5.218	223.35
		45.2	6.697		5.269	200.817
		45.4	7.304		5.352	242.174
		45.6	6.327		5.424	194.15
		45.8	7.156		5.454	247.939
		46	6.803		5.431	240.875
		46.2	6.768		5.258	228.508
		46.4	6.702		5.202	243.475
		46.6	6.266		5.259	253.47
		46.8	6.254		5.25	260.455
		47	6.516		5.257	230.764
		47.2	6.741		5.468	232.065
		47.4	7.378		5.451	264.515
		47.6	7.298		5.308	237.394
		47.8	7.484		5.272	226.228
		48	7.494		5.368	246.788
		48.2	6.932		5.504	261.234
		48.4	7.044		5.245	252.37
		48.6	6.438		5.38	242.672
		48.8	7.292		5.429	267.402
		49	6.649		5.373	224.339
		49.2	6.772		5.556	223.084
		49.4	7.236		5.458	234.899
		49.6	6.295		5.434	182.844
		49.8	6.48		5.422	216.956
		50	6.491		5.478	230.652
		50.2	6.625		5.442	216.219
		50.4	6.942		5.387	229.163
		50.6	7.222		5.395	217.621
		50.8	7.838		5.499	216.822
		51	7.626		5.568	240.823
		51.2	7.344		5.27	200.622
		51.4	7.775		5.376	175.479
		51.6	7.932		5.33	170.894
		51.8	6.855		5.431	228.213
		52	7.209		5.46	207.665
		52.2	6.947		5.333	200.889
		52.4	6.576		5.307	219.212
		52.6	6.764		5.309	237.256
		52.8	7.467		5.568	201.729
		53	7.558		5.455	219.793
		53.2	6.378		5.398	221.956
		53.4	7.141		5.47	214.465
		53.6	7.251		5.527	248.391
		53.8	6.857		5.413	262.308
		54	6.952		5.422	242.283
		54.2	7.304		5.369	230.093
		54.4	7.15		5.45	248.485
		54.6	7.301		5.452	188.52
		54.8	7.268		5.536	210.171
		55	6.514		5.463	223.892
		55.2	7.464		5.447	220.168
		55.4	6.379		5.155	179.715
		55.6	6.297		5.409	264.783
		55.8	6.965		5.715	261.509
		56	7.134		5.437	215.616
		56.2	6.615		5.426	214.202
		56.4	6.549		5.62	263.149
		56.6	7.15		5.4	228.76
		56.8	7.07		5.42	241.677
		57	6.764		5.431	207.876
		57.2	6.739		5.371	244.825
		57.4	6.348		5.419	248.951
		57.6	7.429		5.465	234.658
		57.8	6.502		5.296	230.447
		58	7.364		5.594	227.241
		58.2	6.522		5.445	195.216
		58.4	7.041		5.342	200.841
		58.6	6.391		5.557	235.479
		58.8	6.665		5.443	228.714
		59	7.593		5.389	245.7
		59.2	7.387		5.416	248.008
		59.4	7.552		5.354	231.793
		59.6	7.342		5.463	234.626
		59.8	6.689		5.495	201.929
		60	6.604		5.424	219.127
		60.2	7.073		5.231	222.84
		60.4	6.667		5.599	224.33
		60.6	5.927		5.296	228.941
		60.8	7.081		5.597	212.73
		61	5.961		5.344	211.102
		61.2	7.248		5.652	219.888
		61.4	7.129		5.386	195.572
		61.6	6.825		5.29	178.992
		61.8	6.793		5.44	200.427
		62	7.21		5.47	211.292
		62.2	7.344		5.394	238.384
		62.4	7.014		5.47	213.094
		62.6	6.434		5.281	226.829
		62.8	6.497		5.337	199.567
		63	6.987		5.439	220.723
		63.2	7.141		5.446	244.831
		63.4	7.258		5.477	243.525
		63.6	7.147		5.51	261.482
		63.8	7.18		5.373	210.507
		64	7.33		5.36	232.355
		64.2	6.896		5.363	215.867
		64.4	6.769		5.346	204.655
		64.6	7.334		5.446	208.458
		64.8	7.45		5.435	234.595
		65	7.338		5.508	223.465
		65.2	7.179		5.339	222.646
		65.4	7.307		5.467	243.739
		65.6	6.765		5.256	225.771
		65.8	6.919		5.355	207.636
		66	7.369		5.286	227.024
		66.2	7.349		5.517	212.905
		66.4	7.098		5.42	237.507
		66.6	6.865		5.307	209.683
		66.8	7.341		5.223	229.865
		67	7.484		5.277	220.219
		67.2	6.351		5.479	204.847
		67.4	7.243		5.415	213.28
		67.6	7.353		5.444	212.362
		67.8	7.31		5.321	242.026
		68	7.075		5.327	240.948
		68.2	6.347		5.494	293.072
		68.4	6.726		5.433	256.199
		68.6	8.559		5.456	216.012
		68.8	7.673		5.442	193.43
		69	6.465		5.227	218.567
		69.2	7.037		5.38	215.937
		69.4	7.266		5.479	240.027
		69.6	6.503		5.343	239.302
		69.8	7.436		5.501	243.512
		70	6.871		5.407	217.271
		70.2	7.702		5.401	214.904
		70.4	7.284		5.357	245.554
		70.6	6.391		5.28	196.323
		70.8	5.999		5.19	205.244
		71	8.405		5.494	234.045
		71.2	7.522		5.296	227.885
		71.4	6.386		5.223	234.405
		71.6	7.245		5.291	215.692
		71.8	6.731		5.381	236.683
		72	6.974		5.43	249.717
		72.2	7.161		5.332	238.773
		72.4	7.275		5.408	233.133
		72.6	6.685		5.375	234.701
		72.8	7.707		5.401	250.733
		73	6.901		5.358	236.563
		73.2	7.568		5.376	215.106
		73.4	7.442		5.192	239.537
		73.6	7.198		5.26	213.238
		73.8	7.301		5.369	244.677
		74	6.933		5.242	240.255
		74.2	7.059		5.264	250.669
		74.4	6.76		5.145	226.083
		74.6	7.927		5.408	238.833
		74.8	7.66		5.436	223.297
		75	8.052		5.428	213.345
		75.2	7.516		5.396	226.776
		75.4	7.266		5.274	207.748
		75.6	8.271		5.393	208.483
		75.8	7.346		5.295	223.188
		76	7.175		5.338	249.328
		76.2	7.365		5.424	214.326
		76.4	7.007		5.296	217.078
		76.6	8.4		5.443	253.515
		76.8	7.074		5.219	196.99
		77	8.016		5.285	236.522
		77.2	7.752		5.359	234.603
		77.4	7.562		5.42	228.73
		77.6	7.732		5.373	246.828
		77.8	6.588		5.344	224.573
		78	6.745		5.502	254.378
		78.2	7.829		5.284	231.305
		78.4	7.449		5.265	235.619
		78.6	7.6		5.325	197.202
		78.8	6.763		5.267	207.318
		79	8.078		5.33	210.231
		79.2	7.548		5.354	222.853
		79.4	7.638		5.377	212.962
		79.6	7.61		5.339	204.879
		79.8	7.196		5.311	209.525
		80	7.206		5.354	213.281
		80.2	7.533		5.352	228.47
		80.4	8.133		5.434	190.691
		80.6	7.358		5.236	221.627
		80.8	7.167		5.23	218.372
		81	7.265		5.252	227.526
		81.2	6.366		5.414	259.071
		81.4	7.419		5.231	217.897
		81.6	7.767		5.447	222.011
		81.8	6.553		5.301	217.142
		82	7.752		5.44	229.987
		82.2	7.115		5.454	239.726
		82.4	7.445		5.453	212.297
		82.6	6.596		5.291	223.749
		82.8	6.822		5.454	304.082
		83	8.01		5.284	244.84
		83.2	6.387		5.343	240.531
		83.4	6.803		5.243	215.834
		83.6	7.938		5.457	198.176
		83.8	7.266		5.396	220.572
		84	7.339		5.354	246.473
		84.2	6.866		5.287	230.641
		84.4	7.093		5.402	255.568
		84.6	7.222		5.331	228.049
		84.8	7.132		5.193	193.044
		85	7.837		5.41	240.55
		85.2	6.875		5.412	245.407
		85.4	7.615		5.448	217.62
		85.6	7.641		5.265	244.148
		85.8	7.021		5.184	248.843
		86	6.926		5.301	201.568
		86.2	7.194		5.143	209.71
		86.4	7.022		5.333	241.704
		86.6	6.936		5.381	229.256
		86.8	7.647		5.36	214.897
		87	7.645		5.442	215.337
		87.2	7.498		5.544	212.239
		87.4	7.571		5.327	216.34
		87.6	6.356		5.462	215.394
		87.8	7.923		5.455	257.524
		88	7.503		5.33	195.342
		88.2	6.424		5.418	262.751
		88.4	6.797		5.19	207.212
		88.6	7.163		5.355	226.792
		88.8	7.182		5.214	210.314
		89	7.246		5.295	195.094
		89.2	7.557		5.509	218.367
		89.4	6.887		5.415	165.874
		89.6	7.258		5.488	218.36
		89.8	6.354		5.378	220.631
		90	6.883		5.35	222.031
		90.2	6.586		5.496	261.659
		90.4	7.141		5.596	252.527
		90.6	7.406		5.386	199.82
		90.8	7.27		5.46	204.011
		91	7.213		5.268	221.292
		91.2	7.395		5.371	232.158
		91.4	6.914		5.139	214.46
		91.6	7.322		5.34	234.949
		91.8	6.683		5.38	215.676
		92	7.434		5.442	238.648
		92.2	6.718		5.466	271.087
		92.4	6.398		5.332	230.177
		92.6	6.838		5.362	233.691
		92.8	6.87		5.41	242.369
		93	6.42		5.381	234.616
		93.2	5.711		5.329	256.616
		93.4	6.258		5.248	254.473
		93.6	7.814		5.211	238.405
		93.8	7.323		5.443	189.473
		94	7.373		5.568	203.396
		94.2	6.727		5.29	216.697
		94.4	6.302		5.35	234.451
		94.6	7.721		5.484	249.478
		94.8	6.349		5.376	205.641
		95	7.768		5.274	227.618
		95.2	7.259		5.418	208.684
		95.4	7.13		5.383	269.603
		95.6	6.618		5.377	238.682
		95.8	6.515		5.299	230.812
		96	7.255		5.216	255.392
		96.2	6.901		5.429	236.399
		96.4	7.4		5.245	249.173
		96.6	7.383		5.498	242.804
		96.8	8.043		5.453	261.415
		97	7.022		5.492	265.41
		97.2	7.607		5.454	235.395
		97.4	6.817		5.436	263.363
		97.6	7.542		5.41	259.113
		97.8	7.182		5.451	203.413
		98	7.617		5.389	247.564
		98.2	6.551		5.523	241.536
		98.4	7.138		5.417	245.401
		98.6	6.712		5.402	211.939
		98.8	7.239		5.373	222.622
		99	7.392		5.354	241.577
		99.2	7.526		5.357	219.579
		99.4	7.234		5.255	244.149
		99.6	7.475		5.399	212.881
		99.8	6.694		5.206	220.397
		100	6.741		5.244	182.882
		100.2	7.119		5.357	219.082
		100.4	7.512		5.395	220.797
		100.6	7.581		5.446	246.232
		100.8	7.926		5.402	230.92
		101	7.432		5.46	235.972
		101.2	7.868		5.44	234.299
		101.4	7.382		5.326	240.697
		101.6	6.529		5.308	292.937
		101.8	7.489		5.426	294.542
		102	7.576		5.512	254.974
		102.2	7.177		5.457	200.233
		102.4	6.843		5.543	283.298
		102.6	7.831		5.463	235.473
		102.8	8.602		5.476	205.96
		103	7.551		5.378	222.312
		103.2	6.815		5.373	189.447
		103.4	7.269		5.3	212.749
		103.6	7.869		5.388	237.719
		103.8	7.275		5.385	241.197
		104	6.907		5.397	244.823
		104.2	6.818		5.246	230.223
		104.4	7.506		5.362	224.625
		104.6	7.613		5.223	216.524
		104.8	7.604		5.307	218.245
		105	7.803		5.353	217.656
		105.2	6.92		5.374	210.023
		105.4	7.635		5.469	232.034
		105.6	7.457		5.17	230.655
		105.8	7.657		5.242	203.217
		106	7.448		5.357	207.584
		106.2	7.463		5.182	237.338
		106.4	6.796		5.308	217.682
		106.6	6.508		5.444	244.901
		106.8	7.027		5.427	233.349
		107	7.388		5.223	232.692
		107.2	6.989		5.557	269.485
		107.4	7.382		5.316	280.882
		107.6	6.767		5.381	246.845
		107.8	7.432		5.523	282.178
		108	7.459		5.278	184.301
		108.2	7.897		5.402	228.855
		108.4	6.856		5.201	244.03
		108.6	8.253		5.353	243.641
		108.8	7.675		5.429	232.619
		109	7.631		5.36	233.291
		109.2	7.178		5.217	230.024
		109.4	8.004		5.365	196.038
		109.6	7.821		5.394	192.326
		109.8	8.633		5.436	246.847
		110	6.948		5.506	243.367
		110.2	7.629		5.413	205.796
		110.4	7.432		5.498	244.673
		110.6	7.613		5.455	226.487
		110.8	7.742		5.179	218.251
		111	7.371		5.31	243.352
		111.2	7.626		5.424	217.642
		111.4	7.586		5.307	229.566
		111.6	7.518		5.338	237.621
		111.8	7.724		5.464	272.977
		112	7.902		5.336	205.502
		112.2	7.454		5.426	219.62
		112.4	7.041		5.273	204.518
		112.6	7.104		5.373	207.433
		112.8	7.263		5.423	223.294
		113	7.906		5.308	202.991
		113.2	7.736		5.261	194.624
		113.4	7.322		5.32	197.384
		113.6	8.003		5.5	217.619
		113.8	8.435		5.379	194.579
		114	7.741		5.283	219.197
		114.2	8.065		5.387	223.727
		114.4	8.38		5.26	247.575
		114.6	7.741		5.287	229.889
		114.8	8.269		5.423	223.841
		115	7.56		5.389	211.431
		115.2	8.05		5.417	237.058
		115.4	7.384		5.329	240.288
		115.6	7.96		5.443	226.88
		115.8	7.332		5.349	212.743
		116	7.26		5.388	236.114
		116.2	6.581		5.316	220.185
		116.4	7.53		5.234	224.498
		116.6	7.508		5.386	237.02
		116.8	6.854		5.416	249.988
		117	7.168		5.592	251.928
		117.2	7.378		5.406	225.419
		117.4	7.352		5.394	239.193
		117.6	8.036		5.258	235.824
		117.8	7.604		5.487	253.891
		118	7.761		5.382	221.814
		118.2	7.529		5.459	206.202
		118.4	8.476		5.435	228.517
		118.6	6.775		5.335	246.827
		118.8	7.288		5.413	208.563
		119	7.558		5.388	245.136
		119.2	6.821		5.338	218.941
		119.4	6.397		5.476	288.916
		119.6	7.777		5.451	253.651
		119.8	7.22		5.441	287.646
		120	6.233		5.268	295.178
		120.2	6.409		5.431	306.597
		120.4	5.886		5.373	287.123
		120.6	8.001		5.453	241.365
		120.8	6.981		5.489	290.26
		121	5.986		5.361	289.567
		121.2	7.317		5.194	244.644
		121.4	7.915		5.12	214.062
		121.6	7.725		5.315	241.008
		121.8	6.932		5.164	238.618
		122	7.524		5.44	280.33
		122.2	7.186		5.098	237.397
		122.4	6.675		5.114	219.915
		122.6	6.884		5.3	234.157
		122.8	5.806		5.286	294.268
		123	6.761		5.434	319.999
		123.2	5.705		5.328	329.076
		123.4	7.017		5.437	327.147
		123.6	7.42		5.445	332.473
		123.8	6.102		5.4	311.462
		124	7.423		5.481	307.87
		124.2	7.096		5.009	255.168
		124.4	7.35		5.323	253.827
		124.6	7.071		5.136	233.887
		124.8	7.577		5.286	277.085
		125	6.301		5.467	308.777
		125.2	6.261		5.299	288.982
		125.4	6.831		5.289	267.16
		125.6	5.399		5.286	265.817
		125.8	7.244		5.415	295.498
		126	5.107		5.343	280.215
		126.2	7.361		5.416	294.512
		126.4	6.506		5.464	261.053
		126.6	7.562		5.428	222.723
		126.8	8.046		5.432	221.529
		127	6.754		5.337	238.756
		127.2	7.931		5.381	260.103
		127.4	6.559		5.414	258.891
		127.6	6.681		5.279	239.067
		127.8	7.076		5.311	236.051
		128	7.356		5.333	248.911
		128.2	8.27		5.42	234.326
		128.4	7.729		5.416	232.891
		128.6	7.296		5.31	224.387
		128.8	7.247		5.328	226.25
		129	7.891		5.282	240.631
		129.2	7.276		5.104	211.598
		129.4	7.357		5.212	216.724
		129.6	7.102		5.311	220.789
		129.8	6.113		5.299	274.984
		130	7.543		5.456	249.736
		130.2	6.961		5.471	223.515
		130.4	7.353		5.381	211.554
		130.6	7.333		5.388	214.766
		130.8	7.316		5.373	234.849
		131	7.728		5.328	222.508
		131.2	7.163		5.401	237.029
		131.4	7.471		5.498	240.712
		131.6	7.763		5.272	215.174
		131.8	7.698		5.324	224.921
		132	8.989		5.433	252.638
		132.2	7.37		5.54	286.005
		132.4	7.222		5.252	223.639
		132.6	7.08		5.334	234.406
		132.8	7.007		5.156	194.833
		133	6.211		5.349	242.351
		133.2	7.935		5.339	268.201
		133.4	7.485		5.418	291.389
		133.6	8.065		5.309	227.054
		133.8	7.069		5.258	239.731
		134	7.025		5.378	249.094
		134.2	7.182		5.277	236.202
		134.4	7.511		5.338	244.721
		134.6	6.718		5.276	218.053
		134.8	7.654		5.248	239.987
		135	7.016		5.088	206.161
		135.2	7.014		5.318	234.434
		135.4	7.756		5.281	253.07
		135.6	7.242		5.245	231.088
		135.8	7.585		5.577	265.413
		136	6.634		5.497	255.119
		136.2	6.731		5.142	213.452
		136.4	7.243		5.327	234.392
		136.6	6.623		5.2	225.404
		136.8	7.507		5.366	250.886
		137	6.796		5.25	211.111
		137.2	7.151		5.29	235.088
		137.4	7.279		5.462	242.113
		137.6	6.933		5.285	222.941
		137.8	6.947		5.319	269.829
		138	6.666		5.448	218.633
		138.2	7.732		5.378	251.339
		138.4	7.467		5.29	232.448
		138.6	7.884		5.462	266.582
		138.8	7.625		5.412	262.775
		139	8.324		5.581	266.7
		139.2	7.53		5.311	246.164
		139.4	7.262		5.412	256.024
		139.6	7.63		5.42	230.727
		139.8	7.527		5.347	223.101
		140	7.468		5.314	244.441
		140.2	7.072		5.433	246.398
		140.4	7.345		5.454	212.57
		140.6	7.103		5.385	241.937
		140.8	7.02		5.404	237.31
		141	7.3		5.423	245.458
		141.2	7.245		5.444	256.473
		141.4	6.2		5.427	262.382
		141.6	6.947		4.898	224.648
		141.8	7.741		5.214	222.447
		142	7.607		5.037	237.169
		142.2	7.743		5.437	311.286
		142.4	6.623		5.275	249.277
		142.6	7.888		5.466	250.905
		142.8	9.135		5.467	244.582
		143	8.582		5.4	217.062
		143.2	8.026		5.464	230.698
		143.4	7.967		5.485	239.995
		143.6	7.964		5.267	236.416
		143.8	7.549		5.439	286.837
		144	7.616		5.342	240.138
		144.2	7.644		5.489	256.862
		144.4	6.723		5.321	255.635
		144.6	6.392		5.142	243.633
		144.8	7.609		5.427	260.851
		145	7.167		5.034	243.531
		145.2	7.887		5.219	206.544
		145.4	7.642		5.199	233.26
		145.6	7.833		5.193	194.113
		145.8	7.25		5.035	230.676
		146	7.346		5.285	226.948
		146.2	7.249		5.486	237.485
		146.4	6.569		5.021	224.196
		146.6	7.053		5.306	228.382
		146.8	7.62		5.283	222.649
		147	7.29		5.43	265.712
		147.2	7.586		5.453	229.996
		147.4	6.706		5.272	268.536
		147.6	8.049		5.494	224.811
		147.8	7.513		5.453	220.723
		148	7.313		5.215	177.783
		148.2	7.688		5.45	251.212
		148.4	6.261		5.328	279.016
		148.6	6.125		5.365	311.965
		148.8	7.483		5.415	234.548
		149	8.062		5.468	232.737
		149.2	8.243		5.381	244.168
		149.4	7.993		5.381	234.999
		149.6	7.959		5.369	256.192
		149.8	8.697		5.413	252.237
		150	7.517		5.161	225.871
		150.2	7.506		5.368	254.387
		150.4	7.289		5.374	261.06
		150.6	8.286		5.183	222.729
		150.8	8.232		5.183	232.91
		151	8.463		5.477	296.695
		151.2	8.658		5.403	327.755
		151.4	8.67		5.492	238.263
		151.6	9.029		5.394	213.055
		151.8	8.379		5.392	199.374
		152	8.203		5.542	219.009
		152.2	7.774		5.2	280.772
		152.4	8.51		5.133	295.73
		152.6	7.408		4.975	221.674
		152.8	7.514		4.961	210.132
		153	8.261		5.153	258.002
		153.2	7.222		4.89	245.517
		153.4	8.187		5.322	254.013
		153.6	7.533		4.993	229.808
		153.8	7.277		5.089	274.928
		154	7.501		5.15	234.568
		154.2	7.716		5.048	258.732
		154.4	8.332		5.411	274.749
		154.6	7.454		5.025	265.316
		154.8	6.97		5.213	273.332
		155	8.131		5.208	280.711
		155.2	7.282		5.067	251.305
		155.4	6.993		4.946	220.549
		155.6	6.514		5.15	261.778
		155.8	6.531		5.017	269.473
		156	8		5.035	274.295
		156.2	7.432		5.004	210.682
		156.4	7.151		5.137	254.034
		156.6	6.287		5.154	254.521
		156.8	6.848		5.119	274.555
		157	6.198		5.203	228.194
		157.2	6.134		5.232	225.778
		157.4	6.297		5.202	212.18
		157.6	7.511		5.408	271.663
		157.8	7.509		5.356	255.068
		158	7.601		5.263	285.795
		158.2	6.886		5.362	227.747
		158.4	6.629		5.379	382.686
		158.6	7.157		5.427	289.099
		158.8	6.669		5.276	236.706
		159	6.493		5.29	223.907
		159.2	6.969		5.339	218.26
		159.4	7.563		5.358	276.438
		159.6	6.913		5.131	281.769
		159.8	7.084		5.483	191.347
		160	6.88		5.46	292.916
		160.2	6.846		5.408	202.967
		160.4	7.395		5.56	278.562
		160.6	7.773		5.33	190.327
		160.8	7.435		5.366	176.457
		161	7.783		5.475	172.322
		161.2	7.66		5.421	207.04
		161.4	8.013		5.445	222.47
		161.6	9.16		5.466	334.743
		161.8	11.894		5.202	422.226
		162	11.764		5.419	361.596
		162.2	11.095		5.351	339.974
		162.4	11.339		5.135	380.412
		162.6	13.244		5.459	360.046
		162.8	11.377		5.34	339.717
		163	11.993		5.187	345.345
		163.2	11.204		5.036	352.998
		163.4	11.119		5.339	393.209
		163.6	10.739		5.394	367.523
		163.8	10.731		5.129	325.19
		164	11.1		5.409	340.183
		164.2	11.544		4.881	359.593
		164.4	10.623		5.462	380.543
		164.6	11.002		5.345	299.151
		164.8	11.918		5.336	362.794
		165	12.004		5.132	355.375
		165.2	11.101		5.395	435.32
		165.4	10.826		5.084	441.756
		165.6	10.335		5.297	387.655
		165.8	12.622		5.291	417.078
		166	13.89		5.094	414.72
		166.2	11.697		5.023	399.002
		166.4	12.861		5.126	411.288
		166.6	11.964		5.277	397.705
		166.8	14.052		5.31	408.572
		167	13.323		5.292	390.395
		167.2	12.184		5.565	398.113
		167.4	13.416		5.429	352.124
		167.6	13.361		5.075	377.798
		167.8	14.591		4.874	455.83
		168	14.609		5.194	423.494
		168.2	13.602		5.146	400.78
		168.4	18.07		5.206	467.753
		168.6	12.809		5.129	370.089
		168.8	12.223		5.275	362.028
		169	11.826		5.411	383.342
		169.2	12.695		5.283	448.441
		169.4	12.521		5.344	392.158
		169.6	11.413		5.315	359.505
		169.8	11.952		5.445	403.875
		170	13.934		5.453	420.76
		170.2	12.341		5.454	399.723
		170.4	11.975		5.324	430.178
		170.6	12.446		5.307	413.993
		170.8	11.339		5.379	418.353
		171	12.073		5.267	444.588
		171.2	12.941		5.215	393.733
		171.4	13.275		5.263	415.051
		171.6	11.991		5.29	363.926
		171.8	12.281		5.339	421.602
		172	11.387		5.192	405.782
		172.2	12.987		5.284	460.654
		172.4	11.593		5.263	377.511
		172.6	12.098		5.388	392.792
		172.8	12.134		5.448	455.971
		173	11.436		5.312	386.788
		173.2	13.293		5.067	403.905
		173.4	13.43		5.361	385.134
		173.6	12.253		5.507	411.667
		173.8	11.755		5.375	357.315
		174	12.749		5.479	367.003
		174.2	12.807		5.076	373.476
		174.4	11.94		5.357	382.301
		174.6	11.061		5.474	456.972
		174.8	9.827		5.122	475.149
		175	10.461		5.342	464.05
		175.2	10.995		5.21	499.078
		175.4	9.953		5.176	454.969
		175.6	9.764		5.448	477.357
		175.8	9.416		5.438	439.98
		176	11.932		5.062	502.139
		176.2	13.317		5.247	384.31
		176.4	12.332		5.338	403.048
		176.6	10.764		5.303	323.205
		176.8	12.422		5.385	431.302
		177	12.887		5.142	414.027
		177.2	12.874		5.353	407.121
		177.4	11.796		5.403	388.288
		177.6	15.812		5.462	595.379
		177.8	18.027		5.318	572.085
		178	22.796		5.567	529.06
		178.2	22.211		5.008	527.687
		178.4	24.679		5.362	513.734
		178.6	28.871		5.313	518.49
		178.8	28.313		5.466	509.563
		179	28.017		5.253	475.294
		179.2	26.194		5.185	498.836
		179.4	27.864		5.354	486.316
		179.6	27.455		5.23	424.266
		179.8	27.673		5.189	428.914
		180	27.324		5.499	402.582
		180.2	27.105		5.047	426.531
		180.4	27.122		5.418	430.665
		180.6	25.791		5.52	405.473
		180.8	27.115		5.201	455.583
		181	26.811		5.12	426.292
		181.2	25.548		5.371	439.81
		181.4	27.048		5.05	430.383
		181.6	26.344		5.179	420.644
		181.8	27.011		5.406	450.599
		182	23.378		5.257	419.58
		182.2	26.48		5.137	451.449
		182.4	26.549		5.523	454.891
		182.6	24.776		5.522	450.252
		182.8	25.999		5.452	461.051
		183	26.467		5.218	456.586
		183.2	26.021		5.304	421.938
		183.4	24.132		5.525	438.924
		183.6	27.352		5.142	518.77
		183.8	25.621		5.255	421.375
		184	26.188		5.286	411.521
		184.2	25.218		5.152	416.076
		184.4	25.717		5.177	440.604
		184.6	26.792		5.341	441.882
		184.8	28.079		5.15	485.437
		185	27.517		5.064	487.957
		185.2	26.477		5.432	511.928
		185.4	30.817		5.137	551.88
		185.6	30.781		5.366	563.618
		185.8	31.202		5.299	608.272
		186	33.195		5.314	566.224
		186.2	40.025		4.995	617.673
		186.4	48.068		5.361	623.147
		186.6	28.918		5.274	623.784
		186.8	57.052		5.438	624.085
		187	56.703		5.299	613.805
		187.2	53.764		4.963	632.008
		187.4	39.294		4.892	605.018
		187.6	42.94		5.317	612.546
		187.8	50.96		5.375	620.101
		188	34.899		5.183	581.966
		188.2	31.766		5.354	514.164
		188.4	29.354		5.457	430.606
		188.6	29.149		5.105	406.586
		188.8	25.512		5.283	326.607
		189	25.6		5.138	305.12
		189.2	25.061		5.33	294.265
		189.4	26.261		5.115	312.318
		189.6	25.183		5.153	282.046
		189.8	25.603		5.265	309.919
		190	24.849		5.281	244.398
		190.2	24.89		5.357	223.817
		190.4	26.035		5.199	298.393
		190.6	26.412		5.506	355.016
		190.8	24.497		5.203	267.772
		191	23.877		5.114	214.132
		191.2	24.519		4.994	234.605
		191.4	24.684		5.296	284.871
		191.6	25.266		5.181	280.744
		191.8	24.632		5.069	247.483
		192	24.751		5.068	280.349
		192.2	24.605		5.19	285.095
		192.4	25.544		5.352	299.504
		192.6	25.084		5.319	319.836
		192.8	25.2		5.569	292.82
		193	25.41		5.233	268.545
		193.2	26.237		5.554	317.143
		193.4	25.799		5.318	328.568
		193.6	25.261		5.207	262.617
		193.8	25.331		5.109	302.713
		194	24.78		5.309	254.076
		194.2	25.105		5.194	297.488
		194.4	24.828		5.151	291.01
		194.6	25.303		5.11	268.111
		194.8	24.844		5.044	281.601
		195	25.36		5.232	295.088
		195.2	24.924		5.148	288.867
		195.4	24.953		5.092	297.058
		195.6	25.357		5.081	306.158
		195.8	24.487		5.18	281.58
		196	25.04		5.524	296.051
		196.2	25.095		5.503	316.815
		196.4	25.028		5.195	288.473
		196.6	25.345		5.292	312.984
		196.8	25.496		5.251	294.638
		197	25.722		5.183	312.899
		197.2	25.482		5.583	298.379
		197.4	25.519		5.326	302.851
		197.6	25.687		5.245	306.863
		197.8	24.949		5.279	282.467
		198	24.634		5.421	299.787
		198.2	24.685		5.14	238.264
		198.4	24.897		5.15	251.137
		198.6	25.227		5.199	281.285
		198.8	25.639		5.417	298.113
		199	25.979		5.206	310.041
		199.2	26.099		5.047	289.996
		199.4	25.665		5.232	247.349
		199.6	25.365		5.394	287.993
		199.8	25.913		5.298	283.241
		200	25.733		5.187	283.115
		200.2	25.886		5.06	281.456
