#			Time (ns)	RMSD	RMSF	rGyr	SASA
			0	0	0.438	4.757	117.603
			0.2	3.77	0.681	5.404	206.214
			0.4	4.075	0.51	5.364	184.173
			0.6	4.054	0.853	5.331	175.62
			0.8	4.397	0.727	5.272	165.754
			1	4.803	0.56	5.439	178.401
			1.2	4.61	0.695	5.43	179.189
			1.4	4.728	0.47	5.487	205.484
			1.6	4.632	0.741	5.389	179.434
			1.8	4.13	1.519	5.487	214.527
			2	3.782	0.736	5.363	181.892
			2.2	4.08	0.535	5.374	173.909
			2.4	4.771	0.911	5.515	202.567
			2.6	4.717	0.95	5.33	181.071
			2.8	4.944	1.396	5.383	190.95
			3	4.696	1.687	5.358	193.334
			3.2	4.528	1.07	5.49	180.004
			3.4	4.698	0.802	5.362	197.955
			3.6	4.473	0.445	5.41	196.537
			3.8	4.45	1.09	5.44	179.58
			4	4.441	1.305	5.281	181.287
			4.2	4.333	0.627	5.246	205.726
			4.4	4.324	0.868	5.317	204.38
			4.6	3.743	0.991	5.217	203.6
			4.8	4.837	1.252	5.318	201.768
			5	4.441	0.599	5.264	211.782
			5.2	4.956	0.778	5.384	235.585
			5.4	4.213		5.232	231.13
			5.6	4.813		5.311	197.517
			5.8	4.796		5.205	209.409
			6	4.815		5.194	213.443
			6.2	4.707		5.33	201.165
			6.4	4.009		5.087	181.145
			6.6	4.35		5.235	217.686
			6.8	4.617		5.047	237.398
			7	4.971		5.339	300.621
			7.2	5.336		5.036	228.424
			7.4	7.018		5.412	241.67
			7.6	6.132		5.248	224.327
			7.8	6.503		5.236	227.329
			8	6.515		5.403	235.152
			8.2	6.467		5.395	194.493
			8.4	6.405		5.27	234.29
			8.6	6.29		5.171	203.451
			8.8	6.982		5.34	210.87
			9	6.245		5.196	334.733
			9.2	6.038		5.228	327.713
			9.4	9.685		5.341	371.894
			9.6	7.143		5.15	262.157
			9.8	5.055		4.929	280.32
			10	4.358		5.235	246.813
			10.2	4.494		5.263	275.282
			10.4	6.499		5.267	226.435
			10.6	6.526		5.288	210.274
			10.8	6.781		5.351	204.857
			11	6.485		5.361	198.9
			11.2	7.431		5.319	272.536
			11.4	7.067		5.38	244.675
			11.6	4.327		5.196	244.214
			11.8	3.485		4.9	207.177
			12	5.635		5.442	229.038
			12.2	5.259		5.103	154.259
			12.4	5.667		5.33	240.909
			12.6	7.017		5.443	231.129
			12.8	5.689		5.236	203.982
			13	5.622		5.079	170.173
			13.2	5.298		5.101	161.865
			13.4	5.238		5.126	180.102
			13.6	7.029		5.407	220.303
			13.8	6.552		5.432	229.968
			14	5.157		5.351	219.501
			14.2	6.026		5.088	169.449
			14.4	6.281		5.247	183.265
			14.6	6.228		5.333	256.565
			14.8	6.085		5.372	293.794
			15	5.776		5.01	169.515
			15.2	5.455		5.419	284.273
			15.4	6.339		5.381	255.739
			15.6	6.063		5.176	224.671
			15.8	6.478		5.351	218.573
			16	4.876		5.251	267.552
			16.2	6.287		5.343	197.878
			16.4	5.269		5.505	274.77
			16.6	5.762		5.329	233.113
			16.8	6.575		5.43	247.339
			17	6.545		5.201	212.856
			17.2	4.957		5.273	186.303
			17.4	4.989		4.987	159.866
			17.6	5.177		5.088	168.079
			17.8	6.36		5.423	243.749
			18	7.121		5.422	206.301
			18.2	6.671		5.36	191.508
			18.4	5.883		5.216	200.607
			18.6	5.343		5.272	184.668
			18.8	5.352		5.095	158.518
			19	5.606		5.163	171.018
			19.2	6.015		5.312	256.066
			19.4	5.337		5.435	253.562
			19.6	5.86		5.397	259.725
			19.8	4.141		5.11	208.742
			20	4.8		5.233	246.999
			20.2	4.577		5.099	178.401
			20.4	5.104		5.051	149.083
			20.6	5.839		5.334	242.306
			20.8	5.398		5.25	244.772
			21	6.701		5.333	219.14
			21.2	7.23		5.361	193.889
			21.4	6.404		5.496	218.73
			21.6	6.634		5.251	186.404
			21.8	5.804		5.322	255.013
			22	3.646		4.845	187.68
			22.2	4.432		4.892	208.512
			22.4	4.042		5.133	223.644
			22.6	5.736		5.305	234.694
			22.8	4.22		4.972	203.477
			23	4.231		5.094	233.138
			23.2	5.705		5.486	263.595
			23.4	4.565		4.99	201.324
			23.6	5.298		5.238	240.627
			23.8	6.427		5.371	264.811
			24	6.14		5.451	252.645
			24.2	5.664		5.325	258.357
			24.4	4.422		4.888	186.95
			24.6	6.156		5.235	187.304
			24.8	6.339		5.384	238.518
			25	5.971		5.246	174.364
			25.2	5.615		5.283	217.596
			25.4	6.442		5.487	242.455
			25.6	7.032		5.247	201.017
			25.8	6.252		5.202	209.634
			26	4.953		4.913	158.141
			26.2	5.763		5.266	220.375
			26.4	4.638		5.059	127.942
			26.6	4.628		4.889	160.537
			26.8	5.865		4.92	149.412
			27	5.756		4.921	181.495
			27.2	6.041		5.277	250.216
			27.4	5.618		5.263	188.612
			27.6	6.359		5.182	185.863
			27.8	5.452		5.164	206.924
			28	4.664		5.062	159.191
			28.2	5.035		5.026	159.872
			28.4	6.639		5.233	239.214
			28.6	6.71		5.414	234.948
			28.8	6.004		5.201	175.665
			29	5.896		5.267	220.773
			29.2	5.565		5.223	201.273
			29.4	6.557		5.382	210.854
			29.6	4.804		5.028	192.423
			29.8	5.371		5.303	250.8
			30	5.284		5.127	189.112
			30.2	5.115		5.159	180.403
			30.4	6.517		5.462	246.586
			30.6	5.284		5.022	200.341
			30.8	6.803		5.481	193.037
			31	6.828		5.433	182.327
			31.2	5.152		5.274	245.762
			31.4	4.178		4.996	218.258
			31.6	5.463		5.257	210.437
			31.8	6.265		5.318	220.406
			32	5.509		5.098	193.188
			32.2	6.417		5.279	235.242
			32.4	5.602		5.313	259.823
			32.6	5.599		5.322	241.157
			32.8	6.408		5.477	211.53
			33	6.734		5.442	252.189
			33.2	6.438		5.397	245.319
			33.4	5.652		5.271	180.824
			33.6	5.963		5.173	225.273
			33.8	6.592		5.417	254.554
			34	6.053		5.36	273.359
			34.2	5.239		5.213	217.897
			34.4	4.986		5.162	221.304
			34.6	5.886		5.115	203.595
			34.8	4.994		5.135	218.453
			35	6.459		5.296	187.078
			35.2	7.751		5.49	221.656
			35.4	5.092		4.986	150.955
			35.6	5.335		5.15	218.433
			35.8	4.911		5.202	275.961
			36	5.216		5.24	301.034
			36.2	5.618		5.341	300.164
			36.4	4.875		5.188	264.167
			36.6	5.286		5.214	302.139
			36.8	4.448		4.982	259.612
			37	4.868		5.134	254.828
			37.2	5.505		5.204	268.896
			37.4	7.98		5.014	299.685
			37.6	9.378		5.427	356.761
			37.8	8.987		5.213	306.937
			38	9.231		5.375	349.364
			38.2	7.76		5.308	299.457
			38.4	9.096		5.279	320.285
			38.6	9.481		5.201	334.729
			38.8	9.57		5.319	367.985
			39	9.046		5.244	328.932
			39.2	7.691		5.329	292.264
			39.4	7.945		5.19	272.747
			39.6	8.129		5.016	305.309
			39.8	7.876		5.094	297.086
			40	7.722		5.178	281.378
			40.2	6.244		5.341	311.881
			40.4	7.013		5.386	310.947
			40.6	6.262		5.435	345.036
			40.8	6.013		5.32	321.558
			41	5.501		5.284	314.555
			41.2	6.266		5.187	291.317
			41.4	5.8		5.21	298.44
			41.6	5.5		5.234	314.39
			41.8	7.154		5.323	321.155
			42	6.984		5.461	330.482
			42.2	6.338		4.937	253.576
			42.4	6.47		5.36	314.46
			42.6	6.164		5.121	283.3
			42.8	6.349		5.147	304.348
			43	7.116		5.237	342.374
			43.2	7.181		5.058	275.283
			43.4	6.501		5.301	293.154
			43.6	6.263		5.237	305.791
			43.8	5.764		5.219	307.671
			44	6.445		5.352	287.266
			44.2	6.24		5.486	262.355
			44.4	5.985		5.25	256.532
			44.6	4.713		5.007	255.465
			44.8	6.833		5.256	306.714
			45	6.483		5.128	292.937
			45.2	5.956		5.246	314.285
			45.4	5.89		5.414	215.396
			45.6	5.6		5.311	246.559
			45.8	5.838		5.295	223.528
			46	6.529		5.444	226.936
			46.2	6.789		5.453	237.524
			46.4	6.505		5.286	201.932
			46.6	6.438		5.377	185.422
			46.8	6.27		5.362	197.042
			47	7.251		5.532	258.221
			47.2	6.459		5.361	224.502
			47.4	6.072		5.346	188.115
			47.6	5.922		5.327	222.765
			47.8	5.944		5.192	186.615
			48	6.336		5.303	206.431
			48.2	6.206		5.27	243.518
			48.4	5.984		5.323	197.991
			48.6	5.331		5.249	171.412
			48.8	6.324		5.422	195.938
			49	6.168		5.267	221.246
			49.2	6.08		5.392	202.934
			49.4	6.197		5.236	197.269
			49.6	5.997		5.193	214.416
			49.8	5.654		5.182	180.425
			50	6.009		5.424	205.438
			50.2	6.565		5.42	198.034
			50.4	6.259		5.358	190.438
			50.6	6.007		5.219	197.338
			50.8	5.849		5.441	198.001
			51	5.867		5.289	198.853
			51.2	5.459		5.29	205.674
			51.4	5.574		5.296	212.138
			51.6	6.005		5.321	216.802
			51.8	6.663		5.384	224.516
			52	5.961		5.252	224.097
			52.2	6.543		5.388	238.692
			52.4	6.679		5.366	250.489
			52.6	6.434		5.265	226.099
			52.8	6.006		5.206	233.213
			53	6.362		5.325	217.033
			53.2	6.634		5.32	233.023
			53.4	6.011		5.251	257.299
			53.6	6.186		5.32	216.052
			53.8	6.264		5.373	221.031
			54	6.182		5.271	224.798
			54.2	6.039		5.332	202.905
			54.4	6.27		5.458	208.727
			54.6	5.526		5.221	226.374
			54.8	5.911		5.233	220.678
			55	6.358		5.379	214.941
			55.2	6.014		5.27	203.628
			55.4	6.152		5.405	208.735
			55.6	6.069		5.272	198.379
			55.8	6.645		5.401	218.176
			56	6.775		5.289	228.31
			56.2	6.234		5.28	208.624
			56.4	6.834		5.347	240.69
			56.6	5.975		5.347	229.257
			56.8	6.587		5.305	184.975
			57	6.686		5.449	219.683
			57.2	6.711		5.322	208.133
			57.4	6.141		5.399	224.622
			57.6	6.188		5.432	239.743
			57.8	6.513		5.394	212.721
			58	6.261		5.439	214.147
			58.2	6.443		5.344	225.96
			58.4	6.309		5.388	208.698
			58.6	6.657		5.416	212.996
			58.8	7.372		5.497	267.492
			59	6.126		5.421	241.235
			59.2	5.948		5.334	200.213
			59.4	6.042		5.363	212.337
			59.6	6.37		5.144	221.985
			59.8	5.781		5.371	209.347
			60	6.165		5.345	223.653
			60.2	7.065		5.074	279.202
			60.4	6.404		4.811	254.728
			60.6	8.168		5.46	323.285
			60.8	6.64		5.174	267.559
			61	7.421		5.144	292.238
			61.2	5.983		5.351	277.301
			61.4	5.897		5.396	239.012
			61.6	6.001		5.155	192.14
			61.8	7.554		5.52	335.158
			62	6.703		5.347	187.509
			62.2	6.798		5.366	209.218
			62.4	6.055		5.255	185.795
			62.6	6.251		5.296	198.067
			62.8	6.321		5.21	207.973
			63	5.766		5.259	198.56
			63.2	6.217		5.308	202.782
			63.4	6.318		5.246	214.616
			63.6	6.307		5.343	201.411
			63.8	6.348		5.385	197.883
			64	6.618		5.252	202.354
			64.2	6.33		5.391	180.337
			64.4	6.263		5.392	201.727
			64.6	6.293		5.321	202.922
			64.8	6.631		5.374	245.427
			65	6.363		5.365	200.972
			65.2	6.455		5.226	234.266
			65.4	6.686		5.319	225.055
			65.6	6.846		5.438	224.289
			65.8	6.554		5.269	245.162
			66	6.088		5.282	226.503
			66.2	6.01		5.267	216.946
			66.4	6.579		5.353	221.632
			66.6	6.558		5.23	222.641
			66.8	6.207		5.31	234.55
			67	6.057		5.214	209.605
			67.2	6.701		5.293	241.014
			67.4	7.222		5.36	231.022
			67.6	5.83		5.171	253.608
			67.8	6.671		5.277	255.777
			68	6.134		5.307	247.259
			68.2	6.249		5.11	196.258
			68.4	6.825		5.435	247.523
			68.6	6.874		5.197	212.834
			68.8	6.538		5.227	214.528
			69	6.876		5.291	231.653
			69.2	6.443		5.379	219.535
			69.4	6.626		5.445	222.186
			69.6	6.141		5.314	215.219
			69.8	6.676		5.449	247.255
			70	6.231		5.145	202.394
			70.2	6.683		5.267	224.963
			70.4	6.575		5.233	225.294
			70.6	6.56		5.243	227.71
			70.8	6.128		5.243	213.357
			71	6.242		5.306	237.542
			71.2	6.409		5.318	230.518
			71.4	6.937		5.391	234.607
			71.6	5.954		5.183	194.542
			71.8	7.034		5.366	265.847
			72	6.855		5.464	231.28
			72.2	6.772		5.339	229.801
			72.4	6.274		5.25	215.591
			72.6	6.525		5.391	226.395
			72.8	6.249		5.259	212.881
			73	6.982		5.437	248.94
			73.2	5.862		5.27	245.243
			73.4	6.434		5.26	228.605
			73.6	5.815		5.46	194.671
			73.8	6.207		5.352	205.893
			74	7.207		5.476	258.579
			74.2	5.66		5.111	209.341
			74.4	5.957		5.387	236.402
			74.6	6.391		5.411	212.502
			74.8	6.288		5.445	237.198
			75	6.394		5.321	220.953
			75.2	6.561		5.339	232.934
			75.4	6.593		5.297	250.574
			75.6	6.938		5.364	224.35
			75.8	6.676		5.223	212.204
			76	6.566		5.342	202.987
			76.2	6.445		5.273	191.162
			76.4	6.813		5.466	223.674
			76.6	5.976		5.254	205.407
			76.8	5.94		5.381	200.163
			77	6.489		5.369	212.719
			77.2	6.731		5.401	208.568
			77.4	6.378		5.372	228.691
			77.6	6.069		5.253	198.528
			77.8	6.389		5.339	243.274
			78	5.934		5.276	199.203
			78.2	6.177		5.319	198.828
			78.4	6.116		5.318	199.998
			78.6	5.922		5.459	202.559
			78.8	6.277		5.364	231.362
			79	6.303		5.398	219.462
			79.2	6.717		5.436	223.164
			79.4	5.617		5.423	228.276
			79.6	6.35		5.366	218.692
			79.8	6.147		5.413	218.906
			80	6.289		5.279	202.961
			80.2	6.79		5.31	231.795
			80.4	6.013		5.226	205.067
			80.6	6.699		5.302	225.651
			80.8	6.322		5.311	235.352
			81	6.338		5.353	234.981
			81.2	6.966		5.435	246.112
			81.4	6.731		5.141	212.804
			81.6	5.376		5.292	232.68
			81.8	4.871		5.197	221.439
			82	4.786		5.127	199.181
			82.2	3.659		5.139	181.822
			82.4	4.866		5.345	235.526
			82.6	6.545		5.352	222.833
			82.8	5.735		5.247	196.566
			83	6.627		5.173	219.402
			83.2	6.466		5.182	215.813
			83.4	6.869		5.43	247.642
			83.6	6.698		5.251	238.292
			83.8	6.581		5.373	222.372
			84	6.174		5.261	255.029
			84.2	5.968		5.325	228.33
			84.4	6.665		5.319	204.062
			84.6	6.634		5.241	244.758
			84.8	6.781		5.312	222.195
			85	6.027		5.311	187.759
			85.2	6.57		5.485	212.565
			85.4	7.591		5.333	221.465
			85.6	6.34		5.425	214.012
			85.8	6.072		5.361	198.848
			86	6.514		5.299	253.781
			86.2	7.031		5.382	236.29
			86.4	6.249		5.209	187.212
			86.6	6.644		5.232	237.645
			86.8	6.588		5.317	240.957
			87	7.333		5.461	230.327
			87.2	6.233		5.222	220.653
			87.4	5.993		5.225	226.716
			87.6	6.336		5.421	224.822
			87.8	6.836		5.324	243.51
			88	6.39		5.436	252.661
			88.2	6.746		5.279	232.323
			88.4	5.438		5.254	180.02
			88.6	6.916		5.467	230.339
			88.8	6.23		5.271	240.976
			89	7.026		5.267	209.257
			89.2	6.083		5.232	206.039
			89.4	6.449		5.33	222.183
			89.6	6.162		5.386	205.728
			89.8	6.389		5.3	247.13
			90	6.233		5.154	205.547
			90.2	5.329		5.284	205.627
			90.4	5.468		5.244	207.905
			90.6	6.565		5.321	216.139
			90.8	5.637		5.372	196.013
			91	6.119		5.232	207.142
			91.2	6.479		5.389	206.158
			91.4	6.428		5.214	230.606
			91.6	6.78		5.325	237.238
			91.8	6.795		5.357	242.584
			92	6.798		5.35	217.225
			92.2	7.19		5.228	248.281
			92.4	6.457		5.217	227.349
			92.6	6.182		5.259	227.234
			92.8	6.246		5.315	328.875
			93	6.445		5.417	255.447
			93.2	6.659		5.427	253.112
			93.4	6.992		5.291	232.141
			93.6	6.904		5.431	240.894
			93.8	6.275		5.347	245.99
			94	6.389		5.452	235.917
			94.2	6.898		5.278	261.422
			94.4	6.786		5.4	247.219
			94.6	6.29		5.347	230.837
			94.8	6.755		5.348	231.464
			95	6.796		5.495	244.549
			95.2	7.429		5.363	254.732
			95.4	7.034		5.347	211.438
			95.6	5.107		5.149	203.863
			95.8	6.31		5.229	233.283
			96	6.413		5.331	224.275
			96.2	6.829		5.416	225.607
			96.4	6.007		5.331	182.734
			96.6	7.08		5.248	256.964
			96.8	6.555		5.384	201.111
			97	6.402		5.231	226.746
			97.2	6.027		5.341	207.751
			97.4	6.09		5.308	195.023
			97.6	5.984		5.392	267.492
			97.8	5.827		5.486	234.439
			98	6.65		5.219	251.737
			98.2	6.622		5.371	242.041
			98.4	6.096		5.231	231.351
			98.6	5.68		5.332	209.893
			98.8	5.034		5.108	240.709
			99	5.462		5.153	263.344
			99.2	5.659		5.409	268.293
			99.4	5.992		5.084	257.442
			99.6	6.032		5.203	312.767
			99.8	5.783		5.41	316.057
			100	4.984		5.15	220.954
			100.2	5.394		5.31	253.169
			100.4	6.075		5.233	198.582
			100.6	6.478		5.283	223.61
			100.8	6.683		5.338	237.096
			101	5.919		5.296	249.03
			101.2	5.448		5.284	198.429
			101.4	6.443		5.245	235.049
			101.6	7.127		5.417	258.551
			101.8	6.314		5.319	238.611
			102	6.019		5.376	203.799
			102.2	6.267		5.329	199.033
			102.4	6.755		5.335	224.645
			102.6	6.266		5.279	197.415
			102.8	6.241		5.237	189.131
			103	7.676		5.512	260.829
			103.2	6.279		5.394	220.784
			103.4	7.038		5.225	237.112
			103.6	6.128		5.337	197.215
			103.8	6.769		5.335	244.007
			104	6.826		5.376	219.124
			104.2	6.573		5.431	204.103
			104.4	6.771		5.145	221.19
			104.6	6.368		5.375	218.961
			104.8	6.803		5.466	197.276
			105	6.019		5.389	200.003
			105.2	6.854		5.426	250.654
			105.4	5.317		5.347	197.326
			105.6	6.622		5.366	239.286
			105.8	5.362		5.359	182.001
			106	5.395		5.158	211.186
			106.2	6.454		5.229	213.067
			106.4	5.706		5.12	222.953
			106.6	5.361		5.002	197.356
			106.8	6.12		5.205	206.456
			107	6.265		5.199	228.855
			107.2	6.448		5.224	241.922
			107.4	6.868		5.318	228.738
			107.6	5.889		5.363	211.1
			107.8	6.439		5.285	231.526
			108	6.435		5.217	227.719
			108.2	6.427		5.353	222.563
			108.4	8.338		5.368	274.173
			108.6	8.173		5.186	349.334
			108.8	8.825		5.501	273.284
			109	7.53		5.378	262.343
			109.2	6.752		5.343	234.626
			109.4	5.967		5.354	213.701
			109.6	6.344		5.328	216.413
			109.8	6.858		5.276	226.796
			110	6.337		5.246	236.734
			110.2	6.609		5.387	231.758
			110.4	5.815		5.196	223.88
			110.6	6.09		5.221	218.849
			110.8	6.046		5.31	214.446
			111	6.236		5.306	215.292
			111.2	6.888		5.384	256.566
			111.4	6.07		5.357	227.147
			111.6	6.8		5.384	254.518
			111.8	7.408		5.379	265.776
			112	7.21		5.372	265.328
			112.2	6.466		5.345	258.193
			112.4	6.846		5.342	242.283
			112.6	6.347		5.269	237.778
			112.8	6.292		5.308	216.049
			113	5.913		5.402	229.53
			113.2	6.027		5.384	223.874
			113.4	5.111		5.17	227.113
			113.6	5.903		5.302	207.833
			113.8	6.956		5.435	249.74
			114	6.107		5.261	217.895
			114.2	5.576		5.261	220.879
			114.4	5.7		5.224	225.253
			114.6	6.262		5.313	227.321
			114.8	6.273		5.402	252.044
			115	5.599		5.399	297.459
			115.2	5.848		5.389	306.532
			115.4	6.654		5.014	273.396
			115.6	7.098		5.255	341.631
			115.8	8.103		5.22	325.839
			116	8.653		5.503	274.47
			116.2	8.686		5.169	241.394
			116.4	8.706		5.208	255.565
			116.6	8.774		5.127	236.586
			116.8	8.617		5.306	274.216
			117	8.951		5.365	245.946
			117.2	8.754		5.204	244.026
			117.4	8.712		5.125	200.644
			117.6	8.47		5.197	258.022
			117.8	8.872		5.35	309.399
			118	7.173		4.803	297.913
			118.2	7.25		5.115	273.36
			118.4	7.51		5.181	275.474
			118.6	6.291		5.176	259.874
			118.8	6.613		5.316	315.122
			119	6.195		5.487	303.83
			119.2	5.393		5.297	289.96
			119.4	5.658		5.211	299.612
			119.6	5.68		4.98	290.326
			119.8	7.644		5.167	271.52
			120	8.308		5.155	266.585
			120.2	6.909		5.381	328.755
			120.4	8.222		5.266	317.656
			120.6	7.195		5.44	278.679
			120.8	7.263		5.54	290.926
			121	6.471		4.739	266.009
			121.2	6.485		5.189	283.203
			121.4	6.947		5.2	297.478
			121.6	7.067		5.038	317.897
			121.8	7.129		5.288	270.227
			122	5.898		5.24	233.966
			122.2	7.472		5.373	320.288
			122.4	6.658		4.653	258.704
			122.6	5.656		5.045	275.097
			122.8	8.404		5.678	359.224
			123	6.535		5.329	231.812
			123.2	6.351		5.326	211.521
			123.4	6.936		5.452	208.916
			123.6	6.49		5.102	172.724
			123.8	6.461		5.231	156.341
			124	7.277		5.369	213.214
			124.2	6.096		5.307	175.143
			124.4	8.129		5.501	178.457
			124.6	7.113		5.373	207.878
			124.8	7.282		5.59	206.655
			125	7.949		5.457	176.832
			125.2	7.832		5.409	188.142
			125.4	8.087		5.437	154.282
			125.6	8.247		5.448	182.147
			125.8	8.202		5.443	164.405
			126	6.868		5.358	132.82
			126.2	6.449		5.22	156.875
			126.4	6.682		5.438	252.487
			126.6	6.58		5.03	167.999
			126.8	5.448		5.157	183.234
			127	6.464		5.286	183.224
			127.2	8.045		5.468	200.661
			127.4	6.805		5.336	163.848
			127.6	7.063		5.299	171.172
			127.8	5.879		5.066	157.396
			128	5.573		5.122	141.291
			128.2	4.409		5.076	192.871
			128.4	6.505		5.404	218.365
			128.6	4.933		4.947	184.286
			128.8	4.689		4.962	221.06
			129	3.976		4.908	166.428
			129.2	5.074		5.043	222
			129.4	6.988		5.41	245.805
			129.6	5.211		5.13	207.31
			129.8	5.512		5.155	220.724
			130	6.024		4.973	184.203
			130.2	5.68		5.122	199.25
			130.4	6.776		5.245	186.541
			130.6	6.17		5.255	238.297
			130.8	7.18		5.387	196.808
			131	4.538		5.085	202.507
			131.2	4.372		4.985	199.278
			131.4	5.261		5.116	209.287
			131.6	7.587		5.413	221.881
			131.8	6.884		5.346	200.702
			132	5.563		5.126	192.023
			132.2	6.4		5.346	247.023
			132.4	5.017		4.951	214.29
			132.6	4.897		4.833	243.127
			132.8	7.528		5.255	228.489
			133	7.559		5.35	162.81
			133.2	6.93		5.375	165.797
			133.4	6.389		5.308	173.735
			133.6	7.407		5.452	201.434
			133.8	7.826		5.375	208.05
			134	7.02		5.357	188.47
			134.2	6.801		5.24	209.887
			134.4	7.611		5.509	224.853
			134.6	6.607		5.181	196.814
			134.8	6.525		5.353	223.946
			135	7.895		5.459	200.503
			135.2	6.647		5.442	217.905
			135.4	6.577		5.465	258.077
			135.6	7.441		5.451	211.809
			135.8	6.993		5.307	207.783
			136	7.751		5.431	203.341
			136.2	7.811		5.263	220.38
			136.4	7.019		4.872	181.815
			136.6	7.89		4.971	200.884
			136.8	7.849		5.014	195.823
			137	7.424		5.075	231.365
			137.2	7.51		4.997	200.447
			137.4	7.309		4.927	166.747
			137.6	7.085		5.097	223.474
			137.8	7.472		5.059	206.864
			138	8.273		5.222	275.177
			138.2	6.644		5.215	238.635
			138.4	7.047		5.188	233.851
			138.6	8.199		5.116	243.837
			138.8	7.092		5.098	201.448
			139	6.425		5.098	182.148
			139.2	9.286		5.179	200.508
			139.4	8.351		5.119	228.566
			139.6	9.049		5.028	276.527
			139.8	6.636		5.058	190.567
			140	7.461		4.895	186.37
			140.2	7.484		5.007	194.411
			140.4	7.207		4.944	178.031
			140.6	7.157		4.962	210.695
			140.8	7.607		5.011	212.347
			141	7.756		5.018	194.062
			141.2	8.489		4.984	253.841
			141.4	7.642		5.002	193.494
			141.6	8.234		5.107	238.839
			141.8	8.434		5.116	240.567
			142	8.91		5.017	243.759
			142.2	6.355		4.945	213.495
			142.4	5.466		4.777	172.802
			142.6	5.948		5.123	237.554
			142.8	6.483		5.146	262.709
			143	7.593		5.313	267.849
			143.2	6.047		5.237	231.52
			143.4	6.546		5.272	207.414
			143.6	6.831		5.331	259.308
			143.8	6.927		5.375	238.884
			144	6.848		5.331	238.283
			144.2	6.328		5.293	227.074
			144.4	7.167		5.287	256.019
			144.6	6.428		5.217	252.716
			144.8	6.162		5.268	239.667
			145	6.556		5.495	258.042
			145.2	6.279		5.311	238.252
			145.4	7.001		5.354	239.589
			145.6	6.223		5.352	222.809
			145.8	6.845		5.27	225.291
			146	6.317		5.302	232.58
			146.2	7.009		5.386	248.703
			146.4	6.576		5.454	256.101
			146.6	6.747		5.407	249.106
			146.8	6.52		5.24	224.138
			147	6.866		5.412	223.237
			147.2	6.779		5.4	213.583
			147.4	5.826		5.257	207.393
			147.6	7.113		5.473	233.578
			147.8	6.673		5.38	236.857
			148	7.153		5.166	224.691
			148.2	6.236		5.205	236.643
			148.4	6.826		5.283	235.567
			148.6	6.343		5.232	210.376
			148.8	6.472		5.276	232.305
			149	5.855		5.292	229.449
			149.2	6.093		5.251	231.884
			149.4	5.606		5.094	218.169
			149.6	6.277		5.316	270.15
			149.8	6.161		5.283	191.933
			150	6.269		5.169	219.644
			150.2	6.774		5.467	263.399
			150.4	5.983		5.276	206.072
			150.6	6.603		5.274	296.523
			150.8	6.325		5.383	207.663
			151	6.045		5.343	216.701
			151.2	6.603		5.358	314.268
			151.4	7.234		4.983	269.965
			151.6	8.51		5.039	295.137
			151.8	7.657		5.215	284.761
			152	8.089		5.277	315.031
			152.2	9.234		5.271	315.331
			152.4	7.692		5.387	343.801
			152.6	6.974		5.275	322.951
			152.8	7.091		5.518	274.004
			153	5.898		5.262	213.406
			153.2	6.684		5.404	224.881
			153.4	6.828		5.329	220.025
			153.6	5.973		5.379	192.268
			153.8	6.337		5.351	203.268
			154	6.401		5.106	226.711
			154.2	6.254		5.353	216.459
			154.4	6.106		5.389	208.079
			154.6	5.894		5.365	225.838
			154.8	6.388		5.415	278.87
			155	6.055		5.372	220.894
			155.2	6.512		5.356	212.159
			155.4	5.616		5.276	222.166
			155.6	7.207		5.444	230.446
			155.8	6.614		5.374	239.356
			156	6.127		5.37	235.023
			156.2	5.707		5.202	234.759
			156.4	5.88		5.244	211.752
			156.6	6.613		5.233	246.592
			156.8	7.065		5.299	236.92
			157	6.911		5.095	207.527
			157.2	6.558		5.329	227.641
			157.4	6.28		5.277	226.915
			157.6	6.972		5.45	230.165
			157.8	6.554		5.164	201.136
			158	6.844		5.322	238.683
			158.2	6.03		5.163	225.609
			158.4	5.471		5.009	240.054
			158.6	5.954		5.369	297.17
			158.8	7.407		5.397	310.936
			159	7.086		5.396	300.335
			159.2	6.084		5.219	224.141
			159.4	6.177		5.228	222.895
			159.6	5.975		5.213	205.081
			159.8	6.62		5.233	196.082
			160	6.95		5.191	234.921
			160.2	6.518		5.346	222.752
			160.4	5.729		5.291	232.3
			160.6	6.098		5.03	224.874
			160.8	6.552		5.296	235.164
			161	5.828		5.124	254.005
			161.2	6.232		5.219	233.174
			161.4	5.89		5.118	210.075
			161.6	7.099		5.266	249.179
			161.8	6.879		5.386	233.334
			162	7.334		5.151	240.175
			162.2	7.203		5.367	278.025
			162.4	6.445		5.096	195.744
			162.6	6.268		5.358	212.434
			162.8	6.737		5.351	209.267
			163	6.969		5.375	263.952
			163.2	6.506		5.307	206.528
			163.4	6.769		5.34	234.523
			163.6	7.108		5.157	231.959
			163.8	8.014		5.282	239.623
			164	6.327		5.463	225.037
			164.2	6.558		5.425	257.288
			164.4	5.526		4.82	206.795
			164.6	6.305		5.437	209.274
			164.8	5.888		5.058	310.312
			165	7.822		5.356	307.133
			165.2	7.107		4.747	313.227
			165.4	7.002		5.089	307.995
			165.6	8.202		5.545	320.239
			165.8	9.719		5.511	205.002
			166	9.984		5.506	228.325
			166.2	10.217		5.532	212.763
			166.4	9.942		5.558	216.165
			166.6	10.253		5.437	248.801
			166.8	9.639		5.459	203.51
			167	9.492		5.526	237.425
			167.2	9.941		5.649	254.461
			167.4	9.67		5.546	240.929
			167.6	9.396		5.532	237.117
			167.8	10.041		5.509	239.472
			168	9.652		5.524	232.525
			168.2	9.241		5.395	218.825
			168.4	10.079		5.512	226.502
			168.6	9.898		5.528	267.08
			168.8	10.281		5.428	219.269
			169	9.547		5.61	197.425
			169.2	10.134		5.635	214.286
			169.4	9.926		5.165	219.821
			169.6	9.439		5.536	221.013
			169.8	9.014		5.42	257.636
			170	9.549		5.442	191.684
			170.2	9.044		5.46	243.622
			170.4	9.764		5.577	228.85
			170.6	9.621		5.52	223.533
			170.8	9.072		5.61	249.383
			171	9.131		5.504	259.968
			171.2	9.442		5.51	220.701
			171.4	9.281		5.556	266.032
			171.6	9.475		5.574	212.97
			171.8	9.183		5.363	258.674
			172	9.711		5.58	235.13
			172.2	8.851		5.421	246.704
			172.4	8.91		5.38	237.706
			172.6	9.381		5.347	199.476
			172.8	9.55		5.402	202.583
			173	9.267		5.555	224.442
			173.2	8.695		5.255	246.049
			173.4	9.326		5.47	243.472
			173.6	9.658		5.51	243.196
			173.8	9.907		5.538	267.033
			174	9.498		5.366	203.883
			174.2	9.364		5.484	234.084
			174.4	9.922		5.419	216.239
			174.6	9.968		5.423	226.316
			174.8	10.181		5.598	216.022
			175	9.87		5.599	208.833
			175.2	11.199		5.161	289.332
			175.4	9.571		5.483	251.396
			175.6	11.142		5.572	279.516
			175.8	9.413		5.522	232.512
			176	10.389		5.525	238.252
			176.2	9.695		5.47	237.988
			176.4	9.496		5.321	255.796
			176.6	9.035		5.386	249.732
			176.8	10.366		5.626	255.867
			177	9.945		5.558	234.831
			177.2	9.308		5.532	229.112
			177.4	10.218		5.653	206.383
			177.6	10.043		5.572	222.09
			177.8	9.307		5.439	232.869
			178	10.083		5.102	184.416
			178.2	9.812		5.027	220.097
			178.4	9.738		5.083	198.984
			178.6	9.186		5.286	222.591
			178.8	9.707		5.33	223.041
			179	9.33		4.984	180.119
			179.2	9.549		5.151	191.771
			179.4	9.419		5.072	220.732
			179.6	9.505		5.072	229.768
			179.8	8.946		4.966	192.359
			180	10.181		5.262	221.814
			180.2	9.446		5.124	202.007
			180.4	9.744		5.33	204.87
			180.6	9.673		5.307	219.534
			180.8	8.881		5.141	180.253
			181	9.254		4.91	179.053
			181.2	9.369		5.321	229.44
			181.4	7.263		5.301	291.675
			181.6	8.981		5.421	227.531
			181.8	8.689		5.301	216.888
			182	8.278		5.146	200.491
			182.2	8.597		4.961	217.386
			182.4	7.586		4.946	192.834
			182.6	8.141		5.091	196.208
			182.8	9.179		5.265	196.285
			183	9.293		5.186	232.251
			183.2	9.782		5.049	202.71
			183.4	10.116		5.176	256.168
			183.6	9.116		5.396	190.123
			183.8	9.607		5.239	224.329
			184	9.128		5.274	200.246
			184.2	8.896		5.334	200.668
			184.4	8.884		5.193	209.229
			184.6	9.457		5.231	230.886
			184.8	8.524		5.24	232.073
			185	9.556		5.553	275.514
			185.2	9.363		5.324	240.145
			185.4	9.235		5.047	185.522
			185.6	9.537		5.161	205.794
			185.8	8.802		5.199	234.734
			186	9.218		5.202	194.669
			186.2	8.924		5.061	193.274
			186.4	8.963		5.209	224.284
			186.6	8.465		5.074	197.143
			186.8	8.677		5.152	194.104
			187	8.694		5.006	232.403
			187.2	8.784		5.026	206.58
			187.4	8.414		4.956	216.348
			187.6	9.173		5.146	201.468
			187.8	9.416		5.371	191.674
			188	9.077		5.137	201.104
			188.2	9.264		5.078	206.201
			188.4	8.723		5.065	201.866
			188.6	9.029		5.18	210.13
			188.8	8.618		5.016	196.451
			189	8.731		5.022	193.435
			189.2	8.934		5.148	221.417
			189.4	9.42		5.14	224.673
			189.6	9.024		5.129	190.296
			189.8	9.036		5.157	193.365
			190	9.085		5.149	227.649
			190.2	9.016		5.236	282.274
			190.4	8.712		5.298	263.967
			190.6	8.699		5.106	239.039
			190.8	8.663		5.235	215.504
			191	7.213		5.553	169.293
			191.2	7.7		5.235	182.46
			191.4	8.018		5.471	181.616
			191.6	10.096		5.014	213.141
			191.8	9.693		5.421	269.346
			192	9.668		5.47	303.593
			192.2	8.882		5.416	298.358
			192.4	8.297		5.179	300.331
			192.6	9.783		5.522	239.503
			192.8	6.524		5.176	267.568
			193	7.973		5.362	326.644
			193.2	7.744		5.477	283.189
			193.4	6.534		5.234	317.907
			193.6	7.191		5.382	290.635
			193.8	5.796		5.118	227.098
			194	6.899		5.403	326.457
			194.2	7.814		5.223	246.573
			194.4	8.608		5.091	212.868
			194.6	9.31		5.574	216.908
			194.8	9.05		5.505	177.613
			195	9.579		5.511	194.78
			195.2	9.062		5.403	199.59
			195.4	9.168		5.619	186.798
			195.6	9.026		5.664	243.381
			195.8	8.782		5.464	192.044
			196	9.282		5.56	225.789
			196.2	9.002		5.539	227.935
			196.4	9.512		5.548	208.718
			196.6	8.837		5.397	221.367
			196.8	11.224		5.505	212.613
			197	9.082		5.425	161.35
			197.2	8.399		5.06	255.275
			197.4	8.585		5.1	263.788
			197.6	7.886		4.942	264.236
			197.8	8.603		4.988	234.381
			198	8.714		5.033	266.732
			198.2	8.632		5.165	231.21
			198.4	8.493		5.513	307.3
			198.6	8.42		4.988	289.739
			198.8	7.801		5.373	312.901
			199	7.759		5.363	328.008
			199.2	7.66		5.278	303.03
			199.4	8.203		5.397	293.163
			199.6	5.442		5.075	276.436
			199.8	6.858		5.248	275.789
			200	6.223		5.237	313.165
			200.2	5.967		5.064	303.299
