#			Time (ns)	RMSD	RMSF	rGyr	SASA
			0	0	0.335	4.651	47.042
			0.2	1.746	0.597	4.771	24.773
			0.4	5.067	0.654	5.15	81.962
			0.6	4.4	0.437	5.067	96.622
			0.8	4.338	0.426	5.06	88.195
			1	4.913	0.398	5.095	98.908
			1.2	4.571	0.564	5.147	116.107
			1.4	4.508	0.584	5.064	60.112
			1.6	5	1.537	5.055	92.912
			1.8	4.46	0.43	5.031	103.938
			2	4.683	1.267	5.046	81.996
			2.2	4.667	1.25	5.138	101.647
			2.4	5.066	0.414	5.079	110.584
			2.6	5.339	0.52	5.057	119.888
			2.8	4.264	1.085	5.04	79.235
			3	4.661	1.557	5.086	93.176
			3.2	4.742	1.233	5.057	115.866
			3.4	4.46	0.333	5.024	98.603
			3.6	4.311	0.698	4.912	82.502
			3.8	4.899	0.376	5.079	122.018
			4	3.97	0.381	5.053	77.664
			4.2	4.405	0.57	4.982	89.74
			4.4	4.071	0.582	4.933	100.891
			4.6	4.452	1.401	5.034	104.53
			4.8	4.408	1.416	4.996	106.975
			5	4.669	1.489	5.073	125.382
			5.2	5.762		5.043	156.051
			5.4	6.077		5.055	157.444
			5.6	6.098		4.99	166.897
			5.8	6.063		5.075	170.687
			6	5.894		4.995	146.773
			6.2	5.696		5.07	174.936
			6.4	6.395		5.173	191.377
			6.6	6.451		5.084	197.63
			6.8	5.23		5.056	140.931
			7	5.493		5.082	136.444
			7.2	5.518		5.1	147.056
			7.4	5.444		5.021	118.485
			7.6	7.125		5.027	187.106
			7.8	7.126		5.18	186.147
			8	8.159		5.139	248.778
			8.2	7.533		5.06	231.325
			8.4	6.725		5.041	194.697
			8.6	6.775		5.034	175.937
			8.8	6.326		5.098	180.797
			9	6.658		5.017	218.598
			9.2	7.891		5.03	248.137
			9.4	7.524		4.942	215.444
			9.6	7.473		5.076	216.027
			9.8	7.726		5.172	230.613
			10	7.907		5.079	246.579
			10.2	7.317		4.884	226.623
			10.4	7.335		5.112	216.961
			10.6	7.961		5.093	190.513
			10.8	7.612		5.054	214.376
			11	8.411		5.127	239.151
			11.2	7.33		5.059	160.694
			11.4	7.747		4.991	226.758
			11.6	7.035		5.084	186.799
			11.8	7.706		5.008	220.642
			12	7.495		5.122	207.811
			12.2	8.319		5.036	252.087
			12.4	7.612		5.193	210.263
			12.6	7.702		5.089	206.318
			12.8	6.932		4.975	217.822
			13	7.281		5.153	198.758
			13.2	7.549		5.032	200.856
			13.4	7.905		5.112	199.943
			13.6	7.711		5.088	195.154
			13.8	7.216		4.966	181.104
			14	8.187		4.935	231.689
			14.2	8.675		5.173	259.257
			14.4	8.839		5.118	262.924
			14.6	7.301		4.884	223.539
			14.8	8.292		5.053	263.635
			15	8.747		5.043	252.611
			15.2	8.537		5.083	213.34
			15.4	8.462		5.078	222.479
			15.6	9.246		5.015	250.118
			15.8	8.839		5.107	242.348
			16	8.521		4.99	233.157
			16.2	9.16		5.048	281.328
			16.4	9.041		5.145	261.973
			16.6	8.241		5.164	173.598
			16.8	8.441		5.133	201.386
			17	8.241		5.255	213.5
			17.2	7.183		5.058	207.718
			17.4	7.268		5.12	178.845
			17.6	7.783		5.006	229.798
			17.8	8.385		4.881	206.393
			18	8.462		4.991	221.867
			18.2	8.223		4.924	215.005
			18.4	8.874		5.002	219.367
			18.6	8.488		4.991	230.548
			18.8	8.884		4.864	199.977
			19	8.011		5.078	188.502
			19.2	8.155		4.929	205.88
			19.4	8.516		4.895	204.687
			19.6	8.538		4.899	231.765
			19.8	8.143		5.006	220.557
			20	7.665		5.01	201.132
			20.2	7.288		5.028	201.401
			20.4	7.521		4.997	220.313
			20.6	8.314		4.968	207.727
			20.8	8.356		4.979	241.483
			21	7.76		4.886	223.164
			21.2	6.721		4.996	200.774
			21.4	7.422		4.922	211.816
			21.6	6.824		5.077	207.026
			21.8	6.36		4.946	176.814
			22	6.702		5.108	201.975
			22.2	7.044		4.88	184.729
			22.4	6.318		4.967	166.333
			22.6	6.661		4.908	169.771
			22.8	6.127		4.971	168.01
			23	7.107		5.115	179.073
			23.2	6.838		4.946	151.273
			23.4	6.513		5.016	142.016
			23.6	6.593		4.982	166.19
			23.8	6.694		4.959	172.268
			24	6.787		4.884	172.257
			24.2	6.895		4.957	170.749
			24.4	6.181		4.957	176.903
			24.6	6.604		4.857	171.666
			24.8	7.532		5.167	225.419
			25	7.664		4.809	216.532
			25.2	7.718		4.982	224.369
			25.4	7.549		5.031	212.454
			25.6	8.853		4.967	206.553
			25.8	8.277		4.882	218.259
			26	8.837		5.029	231.46
			26.2	8.345		4.84	248.546
			26.4	9.264		5.111	326.351
			26.6	8.22		5.038	261.463
			26.8	7.893		5.083	265.402
			27	8.724		5.147	249.282
			27.2	7.966		5.098	279.332
			27.4	9.866		5.014	223.193
			27.6	8.965		5.089	280.023
			27.8	9.087		4.926	257.9
			28	9.246		4.95	265.977
			28.2	7.549		5.081	219.551
			28.4	8.182		5.015	250.74
			28.6	7.2		4.98	213.858
			28.8	7.866		4.966	223.487
			29	8.058		5.106	219.298
			29.2	7.472		5.124	230.554
			29.4	7.032		4.944	196.329
			29.6	7.801		5.1	197.612
			29.8	7.544		5.118	232.669
			30	7.622		5.045	241.958
			30.2	6.938		4.826	222.646
			30.4	7.95		5.096	216.487
			30.6	7.909		5.085	215.837
			30.8	8.576		5.007	218.321
			31	8.989		5.027	236.224
			31.2	7.859		5.087	217.737
			31.4	7.964		5.002	213.052
			31.6	8.706		5.135	263.446
			31.8	8.17		4.908	204.986
			32	7.961		5.119	235
			32.2	8.158		4.863	226.898
			32.4	8.46		4.81	220.318
			32.6	9.173		5.122	235.45
			32.8	7.691		4.871	227.508
			33	9.09		4.978	252.728
			33.2	7.916		5.02	234.781
			33.4	8.109		4.885	221.136
			33.6	7.484		5.055	238.902
			33.8	8.692		5.018	237.525
			34	8.406		4.977	222.67
			34.2	8.538		4.836	191.398
			34.4	8.02		4.937	237.683
			34.6	8.104		5.062	253.726
			34.8	8.716		5.118	239.696
			35	8.926		4.846	233.601
			35.2	9.378		4.872	247.903
			35.4	8.914		4.911	258.403
			35.6	9.16		5.087	263.239
			35.8	8.989		5.072	266.985
			36	8.216		4.91	223.877
			36.2	8.479		5.009	257.857
			36.4	9.595		5.12	282.566
			36.6	9.897		5.011	285.524
			36.8	8.99		5	258.963
			37	9.854		5.091	259.504
			37.2	9.407		5.034	255.751
			37.4	9.359		4.862	236.184
			37.6	9.313		5.053	273.198
			37.8	9.59		4.955	256.935
			38	9.508		4.963	261.111
			38.2	9.897		5.023	255.313
			38.4	10.754		5.051	263.656
			38.6	9.675		5.025	232.56
			38.8	9.946		5.063	258.144
			39	9.006		5.055	245.034
			39.2	8.75		5.054	265.071
			39.4	8.631		5.005	234.956
			39.6	9.475		5.119	250.475
			39.8	8.887		5.06	245.662
			40	9.083		5.126	262.201
			40.2	9.198		5.113	271.408
			40.4	9.853		5.126	270.702
			40.6	9.42		5.104	287.147
			40.8	9.3		5.064	257.719
			41	9.399		5.044	239.224
			41.2	9.663		5.065	273.203
			41.4	9.467		5.044	228.271
			41.6	7.353		4.854	219.797
			41.8	9.163		5.064	217.265
			42	8.738		5.067	214.455
			42.2	8.592		5.01	220.207
			42.4	8.502		5.004	219.957
			42.6	8.977		5.102	237.807
			42.8	8.268		5.013	240.229
			43	8.672		4.962	231.02
			43.2	8.452		5.007	231.073
			43.4	7.944		5.019	219.199
			43.6	8.132		4.869	232.114
			43.8	8.294		5.183	221.292
			44	8.489		5.064	231.537
			44.2	8.999		5.085	235.728
			44.4	8.005		5.114	198.983
			44.6	8.366		5.06	213.36
			44.8	8.223		5.197	236.69
			45	8.701		5.184	225.28
			45.2	8.188		5.106	218.837
			45.4	7.95		5.141	224.357
			45.6	8.839		5.153	242.415
			45.8	8.379		5.139	221.307
			46	8.753		5.155	247.24
			46.2	8.614		5.039	248.271
			46.4	10.408		5.106	283.137
			46.6	8.792		5.015	264.376
			46.8	10.677		5.064	305.38
			47	10.99		4.999	292.676
			47.2	10.432		4.96	240.036
			47.4	11.961		5.053	248.061
			47.6	11.091		4.886	207.715
			47.8	11.562		5.093	230.261
			48	11.58		5.043	298.851
			48.2	11.444		4.993	311.451
			48.4	11.415		4.958	291.645
			48.6	11.353		4.953	278.435
			48.8	11.369		5.015	193.094
			49	11.749		5.048	230.134
			49.2	11.349		4.92	254.923
			49.4	11.787		4.971	259.55
			49.6	11.547		5.019	292.96
			49.8	11.199		5.046	195.879
			50	11.674		4.926	193.076
			50.2	11.294		5.146	218.72
			50.4	11.219		5.052	213.248
			50.6	11.787		4.997	229.855
			50.8	10.508		5.031	209.458
			51	11.67		4.969	205.41
			51.2	11.15		5.012	222.364
			51.4	11.307		4.918	224.198
			51.6	11.823		5.032	242.156
			51.8	11.545		4.975	210.19
			52	11.255		4.936	218.049
			52.2	10.961		4.875	198.389
			52.4	11.135		4.928	197.001
			52.6	11.05		5.008	168.135
			52.8	10.812		4.902	188.845
			53	11.456		5.001	208.327
			53.2	11.336		5.001	182.902
			53.4	10.699		4.952	187.853
			53.6	10.757		5.012	196.553
			53.8	11.167		4.98	206.608
			54	11.223		5.023	214.34
			54.2	11.788		5.048	206.495
			54.4	11.476		5.027	196.142
			54.6	11.146		5.054	181.399
			54.8	11.167		5.066	188.541
			55	10.973		5.024	201.598
			55.2	11.029		4.944	195.087
			55.4	10.875		4.988	203.921
			55.6	10.479		4.961	180.041
			55.8	10.875		4.95	184.524
			56	10.945		5	189.308
			56.2	11.332		4.989	197.047
			56.4	11.367		5.104	185.872
			56.6	10.984		4.989	203.007
			56.8	10.98		4.887	176.738
			57	11.312		5.043	192.04
			57.2	10.76		5.053	203.278
			57.4	11.142		5.014	191.396
			57.6	10.996		4.909	187.941
			57.8	10.753		4.926	204.116
			58	11.749		4.94	193.961
			58.2	11.609		4.969	221.387
			58.4	11.392		5.053	218.193
			58.6	11.253		4.993	220.378
			58.8	11.571		4.924	190.071
			59	11.49		5.016	188.877
			59.2	11.299		4.918	211.798
			59.4	10.927		4.9	187.935
			59.6	11.727		5.031	212.307
			59.8	10.97		4.91	200.144
			60	11.116		4.982	210.51
			60.2	11.622		5.037	195.882
			60.4	11.459		4.962	191.308
			60.6	10.998		5.007	209.935
			60.8	10.962		5.025	193.538
			61	11.027		4.938	202.828
			61.2	11.424		4.893	188.08
			61.4	11.15		4.897	181.4
			61.6	11.468		5	200.955
			61.8	11.105		4.95	204.082
			62	10.748		4.988	224.223
			62.2	11.166		4.983	178.706
			62.4	11.361		4.929	175.34
			62.6	11.356		4.98	171.883
			62.8	11.127		4.939	191.789
			63	11.129		4.958	193.398
			63.2	11.667		5.023	207.147
			63.4	10.974		4.952	192.732
			63.6	11.448		5.013	203.105
			63.8	11.29		4.996	200.626
			64	11.76		5.001	189.189
			64.2	11.751		5.083	197.485
			64.4	11.423		4.882	212.545
			64.6	10.731		4.925	189.194
			64.8	11.018		4.897	188.423
			65	11.091		4.909	194.784
			65.2	11.018		4.911	171.894
			65.4	11.977		4.992	195.075
			65.6	11.304		4.918	202.93
			65.8	10.892		5.041	218.224
			66	11.218		4.861	190.235
			66.2	11.292		4.906	201.772
			66.4	11.802		4.984	200.257
			66.6	11.175		4.984	212.777
			66.8	11.398		5.02	209.035
			67	11.634		4.911	188.311
			67.2	11.226		5.008	226.169
			67.4	11.025		5.031	203.514
			67.6	11.406		5.05	215.524
			67.8	11.069		4.985	197.642
			68	10.954		4.975	211.726
			68.2	11.511		4.95	220.195
			68.4	11.08		5.035	191.835
			68.6	11.17		5	205.274
			68.8	11.18		4.912	197.232
			69	10.625		4.913	191.03
			69.2	10.984		4.955	191.966
			69.4	11.202		4.772	209.631
			69.6	10.993		5.002	219.31
			69.8	10.935		5.054	221.035
			70	11.081		4.974	210.03
			70.2	10.962		4.886	210.223
			70.4	11.436		5.042	216.046
			70.6	11.298		5.068	224.26
			70.8	11.062		5.007	220.396
			71	11.55		4.953	216.836
			71.2	11.149		4.926	197.233
			71.4	10.998		4.972	204.334
			71.6	11.009		5.107	193.301
			71.8	11.733		5.009	214.105
			72	10.81		5.093	226.44
			72.2	10.855		5.07	216.04
			72.4	11.157		5.033	219.616
			72.6	10.853		4.973	199.424
			72.8	11.084		4.878	205.357
			73	11.218		4.89	167.713
			73.2	10.756		4.971	198.674
			73.4	11.26		4.959	215.372
			73.6	11.116		4.998	207.988
			73.8	11.398		5.004	217.819
			74	10.964		4.958	190.274
			74.2	11.261		4.958	187.874
			74.4	11.229		4.917	198.287
			74.6	11.116		5.001	216.208
			74.8	11.303		4.899	201.035
			75	11.264		4.946	203.724
			75.2	11.287		5.007	209.692
			75.4	11.097		4.94	194.861
			75.6	10.915		5.031	197.828
			75.8	11.015		4.928	208.225
			76	11.663		4.979	205.154
			76.2	10.818		5.042	204.691
			76.4	10.963		5.028	200.623
			76.6	11.288		5.079	208.364
			76.8	10.607		4.958	188.92
			77	11.314		4.963	195.925
			77.2	11.535		5.013	227.595
			77.4	11.464		5.039	208.424
			77.6	10.967		4.908	185.392
			77.8	11.546		4.931	176.875
			78	11.294		4.951	202.021
			78.2	10.681		4.911	181.306
			78.4	11.392		4.95	192.249
			78.6	11.259		4.977	196.482
			78.8	10.697		4.943	226.298
			79	10.864		4.966	193.835
			79.2	10.975		5.024	215.016
			79.4	11.158		4.955	234.262
			79.6	11.542		5.068	229.235
			79.8	11.457		5.015	258.986
			80	11.599		5.003	220.072
			80.2	11.543		4.844	209.872
			80.4	11.269		4.909	211.68
			80.6	11.034		4.899	196.565
			80.8	11.794		4.987	233.14
			81	11.707		5.021	202.878
			81.2	11.339		4.881	216.432
			81.4	11.624		4.956	207.796
			81.6	11.178		4.974	203.845
			81.8	11.026		4.99	205.717
			82	11.341		4.931	219.966
			82.2	11.604		4.92	202.141
			82.4	11.495		4.986	195.331
			82.6	11.296		4.988	196.169
			82.8	11.143		4.897	180.154
			83	10.99		4.962	191.51
			83.2	11.266		4.918	172.49
			83.4	11.102		4.866	173.676
			83.6	11.316		4.977	209.873
			83.8	10.587		5.001	229.456
			84	10.877		4.96	198.808
			84.2	11.544		5.026	206.939
			84.4	11.368		4.93	202.318
			84.6	10.945		4.981	206.909
			84.8	11.053		4.991	197.196
			85	11.007		4.933	194.055
			85.2	11.106		4.897	210.365
			85.4	11.366		5.033	201.478
			85.6	11.295		4.919	184.792
			85.8	11.474		4.923	199.759
			86	11.202		4.962	192.01
			86.2	11.138		4.908	208.74
			86.4	11.212		4.868	186.579
			86.6	11.35		4.852	189.998
			86.8	11.399		4.984	202.858
			87	11.037		5.004	197.869
			87.2	11.701		4.881	222.1
			87.4	11.509		5.021	228.202
			87.6	11.504		5.035	204.082
			87.8	11.502		4.91	203.265
			88	11.443		4.966	211.218
			88.2	11.638		4.899	195.928
			88.4	11.214		4.951	220.369
			88.6	11.226		4.928	193.749
			88.8	12.029		4.991	237.141
			89	11.436		5.068	214.859
			89.2	11.488		4.959	219.137
			89.4	11.114		4.925	193.115
			89.6	11.721		4.931	202.993
			89.8	11.102		5.024	216.166
			90	11.904		4.955	231.104
			90.2	11.743		4.919	215.481
			90.4	12.246		4.959	224.484
			90.6	11.243		4.854	233.942
			90.8	11.304		4.979	187.5
			91	11.518		4.918	210.379
			91.2	10.934		5.009	212.243
			91.4	11.289		4.93	200.247
			91.6	11.203		4.911	176.529
			91.8	10.963		4.915	200.913
			92	11.477		4.996	211.587
			92.2	11.301		5.008	212.635
			92.4	11.691		4.92	214.31
			92.6	11.432		4.932	241.39
			92.8	11.603		5.008	231.745
			93	11.399		4.944	231.873
			93.2	11.387		4.925	213.911
			93.4	12.171		5.049	226.083
			93.6	11.622		5.087	230.8
			93.8	11.73		4.959	256.577
			94	11.796		5.026	242.446
			94.2	11.107		4.889	228.595
			94.4	11.157		5.069	209.13
			94.6	11.232		4.99	253.113
			94.8	12.161		5.023	243.298
			95	10.885		5.082	270.259
			95.2	10.131		5.013	244.685
			95.4	11.191		4.956	270.629
			95.6	12.12		5.002	234.053
			95.8	12.294		5.04	288.859
			96	11.482		4.992	289.946
			96.2	12.393		5.084	219.239
			96.4	12		5.042	234.471
			96.6	11.341		4.987	240.038
			96.8	12.332		5.076	248.42
			97	12.292		5.061	266.677
			97.2	12.04		5.057	264.309
			97.4	11.537		5.104	306.664
			97.6	11.112		5.045	304.064
			97.8	11.197		5.034	281.55
			98	11.098		5.045	242.971
			98.2	10.397		5.043	364.906
			98.4	11.021		4.925	263.584
			98.6	11.591		5.131	268.787
			98.8	10.367		5.047	254.759
			99	11.041		5.187	248.076
			99.2	11.169		5.009	299.929
			99.4	10.062		5	256.877
			99.6	10.669		5.075	277.253
			99.8	10.061		5.089	270.854
			100	9.548		5.043	248.277
			100.2	10.313		5.133	273.711
			100.4	10.39		4.937	220.591
			100.6	11.078		5.041	183.252
			100.8	11.256		5.031	191.045
			101	11.265		4.969	177.83
			101.2	11.16		4.995	200.877
			101.4	11.738		4.904	194.041
			101.6	11.064		4.874	201.43
			101.8	11.611		5.013	210.326
			102	12.227		5.08	256.994
			102.2	12.056		4.902	274.09
			102.4	11.91		4.984	282.944
			102.6	10.762		5.028	301.243
			102.8	11.835		5.164	282.81
			103	10.815		5.102	266.946
			103.2	11.632		5.081	292.314
			103.4	10.994		5.008	234.91
			103.6	12.442		5.025	255.85
			103.8	11.911		5.016	254.878
			104	11.911		4.926	224.986
			104.2	11.411		4.959	227.912
			104.4	11.253		5.023	207.342
			104.6	11.185		4.903	205.767
			104.8	11.013		4.956	241.337
			105	11.338		5.029	211.098
			105.2	11.488		5.041	249.472
			105.4	11.244		5.009	196.082
			105.6	11.556		5.065	223.368
			105.8	10.812		4.936	182.373
			106	11.273		4.978	222.229
			106.2	11.092		4.974	207.44
			106.4	11.11		4.896	202.528
			106.6	11.397		4.83	187.235
			106.8	10.855		4.879	200.339
			107	11.326		5.062	208.203
			107.2	11.514		4.974	210.41
			107.4	11.06		4.889	197.12
			107.6	11.217		4.91	221.896
			107.8	11.566		4.91	206.041
			108	11.258		5.013	194.728
			108.2	10.95		4.947	227.036
			108.4	10.823		4.804	198.69
			108.6	10.77		4.915	206.894
			108.8	10.918		4.96	197.684
			109	11.151		4.917	252.662
			109.2	11.137		5.035	206.588
			109.4	11.285		5.003	211.26
			109.6	11.223		4.927	210.432
			109.8	10.893		4.96	193.613
			110	11.329		4.998	207.297
			110.2	11.213		4.928	175.148
			110.4	11.247		4.955	195.757
			110.6	11.22		4.965	199.638
			110.8	11.33		4.932	196.736
			111	11.341		4.941	177.865
			111.2	11.1		4.81	182.963
			111.4	11.679		5.009	225.651
			111.6	11.98		5.106	228.942
			111.8	10.84		4.986	197.349
			112	10.69		5.019	185.577
			112.2	10.97		4.933	210.135
			112.4	10.664		4.959	214.227
			112.6	11.387		5.09	233.104
			112.8	11.471		5.001	187.751
			113	11.353		5.053	201.083
			113.2	11.099		4.893	193.704
			113.4	10.945		5	216.365
			113.6	11.015		4.948	202.596
			113.8	11.126		5.084	213.429
			114	11.485		4.925	211.727
			114.2	12.494		5.109	227.675
			114.4	11.185		4.944	206.326
			114.6	11.168		4.975	190.869
			114.8	11.632		4.984	176.862
			115	11.378		4.913	229.881
			115.2	11.217		4.989	189.557
			115.4	11.211		4.935	176.22
			115.6	10.733		5.068	184.893
			115.8	11.003		4.983	161.132
			116	11.386		4.907	201.078
			116.2	11.433		5.07	204.802
			116.4	11.272		4.947	201.769
			116.6	11.039		4.964	201.601
			116.8	11.458		5.037	212.203
			117	11.478		4.93	198.768
			117.2	11.279		4.947	201.032
			117.4	11.82		5.022	209.868
			117.6	12.167		4.937	266.978
			117.8	11.5		5.087	231.541
			118	11.623		4.893	233.674
			118.2	12.158		5.082	211.314
			118.4	11.502		4.857	199.601
			118.6	11.339		4.915	196.04
			118.8	11.485		4.983	203.148
			119	11.408		4.916	195.446
			119.2	11.711		5.169	202.609
			119.4	11.001		5.001	195.697
			119.6	11.666		5.079	200.678
			119.8	11.168		5.043	191.23
			120	11.689		4.981	185.212
			120.2	11.263		5.001	192.667
			120.4	11.353		5.053	202.973
			120.6	11.741		5.066	219.955
			120.8	11.127		4.918	199.343
			121	11.059		4.941	211.252
			121.2	11.299		4.998	178.604
			121.4	10.877		4.961	207.064
			121.6	11.435		4.984	206.644
			121.8	10.983		4.9	206.22
			122	11.652		4.978	214.385
			122.2	11.496		4.956	216.001
			122.4	11.15		4.942	204.504
			122.6	11.5		4.993	218.018
			122.8	11.465		4.942	227.02
			123	11.632		5.058	236.54
			123.2	11.727		4.953	191.391
			123.4	11.532		4.935	205.787
			123.6	11.407		5.01	192.9
			123.8	12.104		5.036	214.478
			124	11.437		4.953	199.105
			124.2	12.2		4.955	224.667
			124.4	11.671		4.926	258.46
			124.6	10.961		4.98	267.934
			124.8	11.492		4.905	260.095
			125	11.002		5.029	240.575
			125.2	11.498		4.994	267.253
			125.4	10.599		4.864	229.356
			125.6	11.182		4.939	237.65
			125.8	11.343		4.818	261.932
			126	11.507		5.038	281.05
			126.2	10.888		5.108	253.634
			126.4	10.629		4.994	219.373
			126.6	12.905		4.876	228.766
			126.8	12.464		4.826	266.436
			127	12.429		5.089	254.792
			127.2	12.149		5.029	251.726
			127.4	12.203		5.053	257.751
			127.6	11.594		4.908	207.271
			127.8	11.323		4.896	208.358
			128	11.344		4.818	251.3
			128.2	11.263		4.793	227.051
			128.4	11.708		4.867	223.327
			128.6	12.029		4.924	204.824
			128.8	11.566		4.749	193.441
			129	11.33		4.835	223.805
			129.2	11.627		4.856	196.301
			129.4	11.59		4.856	220.387
			129.6	12.027		5.096	219.134
			129.8	11.596		4.972	226.055
			130	11.636		5.048	241.264
			130.2	11.228		5.083	259.97
			130.4	12.004		5.044	231.19
			130.6	11.713		4.99	227.416
			130.8	12.111		5.024	189.899
			131	12.149		5.03	199.955
			131.2	12.059		4.971	205.426
			131.4	11.796		5.061	193.098
			131.6	12.177		5.032	208.321
			131.8	12.239		5.012	207.767
			132	12.151		5.052	205.18
			132.2	12.167		4.937	211.607
			132.4	12.208		5.003	233.467
			132.6	12.15		4.98	218.08
			132.8	11.977		5.11	185.74
			133	12.247		5.07	172.829
			133.2	12.196		5.015	186.954
			133.4	12.499		5.103	207.94
			133.6	12.554		5.033	221.346
			133.8	12.162		5.015	205.008
			134	12.522		5.115	228.194
			134.2	11.941		5.085	220.524
			134.4	11.82		4.974	252.479
			134.6	11.125		5.083	295.784
			134.8	11.866		4.895	230.506
			135	11.763		4.982	251.92
			135.2	11.681		4.888	258.705
			135.4	10.457		4.97	304.085
			135.6	11.083		5.05	262.849
			135.8	11.504		5.067	255.584
			136	11.603		5.101	237.13
			136.2	11.025		5.075	230.772
			136.4	11.816		5.052	220.77
			136.6	11.331		5.069	228
			136.8	10.954		5.01	232.799
			137	11.115		4.947	221.416
			137.2	10.571		5.038	222.453
			137.4	11.594		5.032	219.009
			137.6	11.587		4.96	213.741
			137.8	11.506		5.012	207.11
			138	11.242		5.042	224.312
			138.2	11.134		5.028	252.335
			138.4	11.324		5.023	223.248
			138.6	11.943		5.05	211.42
			138.8	10.861		4.98	221.387
			139	12.151		4.965	222.848
			139.2	11.882		5.038	241.504
			139.4	10.757		4.85	233.439
			139.6	11.444		4.943	210.843
			139.8	11.225		5.059	230.076
			140	11.464		4.988	227.112
			140.2	11.579		5.08	234.739
			140.4	11.248		5.019	216.868
			140.6	11.58		4.957	229.538
			140.8	11.225		4.994	208.621
			141	11.422		5.036	248.801
			141.2	11.175		4.825	201.65
			141.4	10.989		4.992	237.056
			141.6	11.518		5.01	195.794
			141.8	11.356		4.922	221.782
			142	11.103		5.004	226.277
			142.2	11.03		4.995	228.054
			142.4	11.63		5.006	229.879
			142.6	11.083		4.976	224.339
			142.8	11.133		4.988	188.153
			143	11.233		5.001	215.486
			143.2	10.863		4.973	202.677
			143.4	11.078		4.898	208.483
			143.6	11.258		5.099	230.537
			143.8	11.453		4.959	200.176
			144	11.484		4.892	211.04
			144.2	11.565		4.961	239.807
			144.4	11.401		4.916	237.878
			144.6	11.085		4.972	228.726
			144.8	11.563		4.985	231.321
			145	11.8		5.033	213.205
			145.2	11.21		5.087	255.365
			145.4	11.045		4.945	222.88
			145.6	11.288		4.97	219.607
			145.8	11.425		4.945	208.401
			146	12.033		5.052	238.969
			146.2	11.092		4.968	219.332
			146.4	11.519		4.945	213.463
			146.6	11.235		4.995	221.573
			146.8	11.26		4.903	216.738
			147	11.219		5.056	228.405
			147.2	11.016		4.901	211.12
			147.4	11.118		4.978	205.202
			147.6	11.168		4.958	201.047
			147.8	11.529		4.982	222.425
			148	11.519		5.013	241.767
			148.2	11.13		5.03	207.127
			148.4	11.894		4.996	207.031
			148.6	11.134		4.954	221.275
			148.8	10.844		4.934	225.979
			149	11.08		4.993	223.892
			149.2	11.678		5.044	239.917
			149.4	11.142		5.018	224.238
			149.6	11.282		4.95	237.426
			149.8	11.064		4.888	210.422
			150	10.865		4.921	221.881
			150.2	11.177		4.923	196.354
			150.4	11.449		4.975	205.08
			150.6	11.453		4.917	232.123
			150.8	11.271		4.871	207.653
			151	11.6		4.92	213.472
			151.2	11.148		4.84	223.06
			151.4	11.13		4.971	243.611
			151.6	11.34		4.894	209.986
			151.8	11.874		5.027	210.62
			152	11.374		4.948	208.466
			152.2	11.594		4.92	218.701
			152.4	11.373		4.979	199.725
			152.6	11.141		4.948	215.071
			152.8	11.266		4.88	205.081
			153	11.015		5.024	230.098
			153.2	11.537		4.941	234.029
			153.4	11.604		5.019	233.434
			153.6	11.659		4.948	213.303
			153.8	11.267		4.898	224.846
			154	11.507		4.966	237.899
			154.2	11.405		4.929	216.16
			154.4	11.484		5.008	226.619
			154.6	11.131		4.979	224.523
			154.8	11.73		4.974	221.346
			155	11.64		4.958	215.663
			155.2	11.421		4.94	228.321
			155.4	10.883		4.933	236.678
			155.6	11.003		4.894	252.854
			155.8	10.974		4.858	225.794
			156	11.389		4.994	225.189
			156.2	11.199		5.01	208.044
			156.4	11.287		4.889	207.763
			156.6	11.083		5.038	237.933
			156.8	10.881		5.024	210.766
			157	10.691		5.157	262.166
			157.2	11.193		5.063	232.738
			157.4	10.557		5.147	269.579
			157.6	10.789		5.091	288.327
			157.8	10.364		5.059	292.852
			158	10.653		5.02	265.614
			158.2	10.997		5.158	309.122
			158.4	10.63		5.127	258.267
			158.6	10.481		5.072	299.813
			158.8	10.447		5.113	286.403
			159	10.776		5.079	261.545
			159.2	11.036		4.984	260.501
			159.4	10.31		4.872	194.331
			159.6	11.141		4.939	222.725
			159.8	11.018		5.037	234.518
			160	10.779		4.939	247.714
			160.2	10.843		5.003	224.776
			160.4	10.405		4.91	190.528
			160.6	10.058		4.989	219.145
			160.8	10.693		5.034	224.536
			161	10.853		5.037	245.63
			161.2	10.118		4.917	216.011
			161.4	9.708		4.702	182.095
			161.6	10.139		4.897	211.732
			161.8	10.441		4.701	201.582
			162	10.627		4.753	165.48
			162.2	10.318		4.839	190.821
			162.4	10.211		4.902	217.129
			162.6	10.447		4.861	211.807
			162.8	10.469		4.774	190.873
			163	11.136		4.803	222.481
			163.2	10.141		4.734	211.608
			163.4	9.74		4.924	210.218
			163.6	10.591		4.872	223.056
			163.8	10.028		4.693	210.838
			164	10.718		4.835	209.624
			164.2	10.214		4.837	208.934
			164.4	9.583		4.847	194.861
			164.6	10.439		4.843	201.212
			164.8	10.019		4.858	189.988
			165	10.386		4.964	202.643
			165.2	9.889		4.879	190.27
			165.4	10.084		4.853	204.84
			165.6	10.344		4.869	201.474
			165.8	10.428		4.742	218.116
			166	10.331		4.858	202.795
			166.2	9.628		4.877	203.443
			166.4	10.357		4.854	194.284
			166.6	10.091		5.134	242.197
			166.8	10.168		5.029	213.411
			167	9.432		5.052	202.974
			167.2	10.297		5.062	219.792
			167.4	9.87		5.06	229.978
			167.6	10.266		5.091	238.76
			167.8	10.768		5.15	240.717
			168	10.403		5.145	240.959
			168.2	10.412		5.123	243.596
			168.4	9.985		5.124	244.668
			168.6	10.404		5.091	250.543
			168.8	9.856		5.089	238.153
			169	9.86		5.221	233.269
			169.2	10.286		5.104	234.959
			169.4	10.175		5.129	236.758
			169.6	10.275		4.976	225.851
			169.8	9.948		5.109	248.314
			170	9.724		5.145	243.204
			170.2	9.89		5.094	233.62
			170.4	10.941		5.065	262.29
			170.6	10.112		5.137	231.127
			170.8	10.33		5.004	239.504
			171	9.83		5.259	252.871
			171.2	9.911		5.133	242.201
			171.4	10.193		5.084	241.669
			171.6	10.754		4.941	262.027
			171.8	11.307		5.031	234.56
			172	10.236		5.098	264.826
			172.2	10.509		5.084	294.337
			172.4	10.453		5.121	286.662
			172.6	10.515		5.032	287.44
			172.8	10.145		5.106	299.113
			173	10.095		5.049	300.953
			173.2	10.671		5.058	287.648
			173.4	9.965		5.175	259.58
			173.6	10.878		5.136	313.991
			173.8	10.874		5.127	306.513
			174	11.389		5.138	313.35
			174.2	10.09		5.117	276.154
			174.4	11.366		4.954	276.48
			174.6	11.171		5.057	254.113
			174.8	11.311		5.132	303.932
			175	11.38		5.113	276.145
			175.2	11.416		5.057	238.464
			175.4	11.588		4.936	242.88
			175.6	11.638		5.024	271.89
			175.8	10.728		5.098	294.405
			176	11.176		4.984	282.444
			176.2	11.293		5.029	290.797
			176.4	11.075		5.01	266.879
			176.6	11.839		5.05	247.839
			176.8	11.49		5.077	232.949
			177	12.096		5	223.521
			177.2	11.492		5.06	250.056
			177.4	11.857		5.075	261.188
			177.6	11.922		5.029	277.797
			177.8	12.063		5.102	285.032
			178	11.919		5.024	353.604
			178.2	12.107		5.112	296.972
			178.4	11.319		5.004	247.148
			178.6	11.448		5.131	241.736
			178.8	11.274		5.044	266.244
			179	11.637		5.021	257.681
			179.2	10.557		5.082	285.659
			179.4	12.112		5.08	292.914
			179.6	11.267		5.067	339.517
			179.8	11.259		5.103	344.356
			180	12.114		5.051	320.475
			180.2	12.622		5.035	295.95
			180.4	11.998		4.887	320.081
			180.6	12.237		5.055	299.613
			180.8	11.564		5.113	337.969
			181	10.826		5.056	329.291
			181.2	10.918		5.109	314.97
			181.4	11.111		5.135	302.122
			181.6	11.801		5.133	223.947
			181.8	11.554		5.057	213.48
			182	11.531		5.014	192.886
			182.2	11.826		5.079	216.935
			182.4	11.711		5.096	236.322
			182.6	11.557		5.091	208.387
			182.8	11.724		5.032	226.541
			183	11.627		5.053	197.105
			183.2	11.836		5.04	220.872
			183.4	11.55		5.134	234.678
			183.6	11.082		5.095	223.51
			183.8	11.531		5.145	209.143
			184	11.374		5.093	202.442
			184.2	11.37		4.977	219.131
			184.4	11.173		5.052	184.492
			184.6	11.198		5.137	217.859
			184.8	11.55		5.137	203.859
			185	11.236		5.15	174.656
			185.2	10.828		5.109	181.004
			185.4	11.152		4.939	188.419
			185.6	11.305		5.097	191.516
			185.8	11.206		5.063	168.435
			186	11.359		4.986	194.572
			186.2	11.302		4.988	213.233
			186.4	11.3		5.02	248.891
			186.6	11.676		4.964	210.157
			186.8	11.886		5.108	247.455
			187	11.853		5.067	243.522
			187.2	12.277		5.092	234.849
			187.4	12.125		5.065	246.58
			187.6	11.09		5.072	219.266
			187.8	11.943		4.999	217.042
			188	12.104		5.038	252.687
			188.2	11.957		4.973	236.911
			188.4	12.003		5.136	247.944
			188.6	11.436		5.032	216.082
			188.8	11.347		5.084	237.12
			189	11.363		5	208.772
			189.2	10.546		5.054	232.408
			189.4	10.295		5.126	271.761
			189.6	10.706		5.103	310.334
			189.8	11.275		4.918	286.092
			190	10.486		5.043	274.069
			190.2	10.841		5.094	252.372
			190.4	10.899		4.953	277.955
			190.6	10.69		5.03	307.073
			190.8	10.4		5.067	300.732
			191	10.036		5.074	282.707
			191.2	11.039		5.07	234.843
			191.4	11.262		5.083	269.872
			191.6	10.837		5.089	230.96
			191.8	10.727		4.992	253.463
			192	10.55		4.972	248.504
			192.2	11.027		5.132	259.023
			192.4	10.542		5.099	228.897
			192.6	10.485		5.091	236.71
			192.8	11.065		5.064	222.313
			193	11.254		5.011	242.803
			193.2	11.585		5.138	254.122
			193.4	11.193		5.069	207.214
			193.6	11.215		5.102	222.963
			193.8	12.194		5.101	266.744
			194	12.061		5.086	222.735
			194.2	11.975		5.118	243.303
			194.4	11.973		5.104	235.53
			194.6	11.455		5.094	247.934
			194.8	11.478		5.081	235.92
			195	11.095		5.09	202.365
			195.2	11.074		5.138	220.582
			195.4	11.467		5.118	215.743
			195.6	10.913		4.858	230.402
			195.8	10.736		5.133	175.104
			196	10.686		5.005	247.765
			196.2	11.138		5.159	215.278
			196.4	10.853		5.045	202.219
			196.6	11.41		4.953	208.195
			196.8	11.47		4.785	183.357
			197	11.871		4.908	217.519
			197.2	12.247		4.979	203.933
			197.4	11.407		4.962	213.665
			197.6	11.727		4.933	196.363
			197.8	11.701		5.143	247.998
			198	11.601		5.041	220.018
			198.2	10.106		4.84	196.457
			198.4	10.502		4.845	190.549
			198.6	10.093		4.875	189.884
			198.8	10.645		4.722	223.683
			199	10.672		4.942	214.828
			199.2	10.691		4.867	209.707
			199.4	10.866		4.756	185.082
			199.6	10.709		4.844	203.641
			199.8	11.32		4.849	205.717
			200	10.479		4.75	201.369
			200.2	10.096		4.882	213.554
