Time (ns)	RMSD	RMSF	rGyr	SASA
0.2	0.0	0.205	4.185	135.022
0.4	2.967	0.342	4.382	167.474
0.6	2.721	0.373	4.35	150.661
0.8	2.486	0.271	4.379	154.834
1.0	2.299	0.367	4.335	155.44
1.2	2.89	0.373	4.387	137.723
1.4	2.71	0.512	4.409	134.45
1.6	2.877	0.418	4.402	139.78
1.8	2.483	0.395	4.388	107.021
2.0	2.896	0.244	4.391	107.862
2.2	2.87	0.25	4.398	153.583
2.4	2.81	1.13	4.404	163.974
2.6	2.683	0.631	4.397	147.469
2.8	2.74	0.697	4.386	154.923
3.0	2.744	0.39	4.372	158.788
3.2	2.675	0.497	4.334	154.779
3.4	2.606	1.097	4.351	173.373
3.6	2.813	0.478	4.434	165.411
3.8	2.718	0.211	4.433	162.939
4.0	2.776	0.621	4.391	172.649
4.2	2.815	1.039	4.346	183.664
4.4	2.913	0.498	4.414	151.618
4.6	2.645	1.1	4.4	173.863
4.8	2.694	1.17	4.44	174.572
5.0	2.891	1.458	4.36	158.665
5.2	2.752		4.349	150.247
5.4	2.701		4.459	166.045
5.6	2.629		4.344	175.319
5.8	2.827		4.362	174.779
6.0	2.969		4.419	141.494
6.2	2.832		4.4	172.548
6.4	2.679		4.416	165.045
6.6	2.501		4.412	153.136
6.8	2.722		4.346	155.696
7.0	2.964		4.42	116.059
7.2	2.884		4.393	145.602
7.4	2.619		4.338	162.035
7.6	2.735		4.41	144.733
7.8	2.905		4.446	151.246
8.0	2.714		4.346	170.852
8.2	2.7		4.367	157.095
8.4	2.713		4.391	149.006
8.6	2.498		4.37	155.703
8.8	3.15		4.36	167.696
9.0	3.158		4.404	164.745
9.2	2.802		4.406	183.053
9.4	3.04		4.337	153.116
9.6	2.773		4.345	159.808
9.8	2.639		4.335	177.95
10.0	3.158		4.391	168.192
10.2	2.804		4.35	154.791
10.4	2.958		4.355	149.177
10.6	3.024		4.382	164.661
10.8	2.854		4.257	155.248
11.0	3.081		4.314	150.489
11.2	2.786		4.421	154.343
11.4	2.955		4.362	161.577
11.6	3.043		4.348	147.57
11.8	3.027		4.317	151.593
12.0	2.891		4.359	163.448
12.2	3.026		4.356	165.19
12.4	2.595		4.332	160.04
12.6	2.9		4.366	128.253
12.8	2.909		4.346	164.131
13.0	3.073		4.329	137.23
13.2	2.753		4.382	174.6
13.4	2.704		4.304	160.292
13.6	2.305		4.319	180.961
13.8	2.238		4.262	175.61
14.0	2.574		4.122	141.838
14.2	2.875		4.272	210.621
14.4	2.43		4.286	187.413
14.6	2.428		4.267	180.997
14.8	2.722		4.313	196.577
15.0	2.323		4.197	172.661
15.2	2.436		4.239	145.254
15.4	2.511		4.182	163.43
15.6	2.408		4.231	193.716
15.8	2.233		4.139	184.369
16.0	2.596		4.284	153.16
16.2	2.328		4.298	181.605
16.4	2.24		4.234	176.816
16.6	2.518		4.233	174.771
16.8	2.556		4.177	184.178
17.0	2.677		4.342	171.213
17.2	2.645		4.294	210.338
17.4	2.557		4.243	167.01
17.6	2.558		4.322	175.372
17.8	2.643		4.369	163.694
18.0	2.792		4.407	152.425
18.2	2.779		4.374	142.275
18.4	2.517		4.393	160.493
18.6	2.98		4.348	154.639
18.8	3.054		4.274	150.667
19.0	3.272		4.294	166.405
19.2	3.012		4.292	163.386
19.4	3.454		4.375	175.841
19.6	3.365		4.399	168.592
19.8	3.643		4.337	179.293
20.0	3.55		4.42	145.557
20.2	3.403		4.344	166.796
20.4	3.316		4.402	166.556
20.6	3.629		4.336	176.333
20.8	3.254		4.316	173.238
21.0	2.663		4.316	150.715
21.2	2.752		4.34	159.178
21.4	2.822		4.344	176.492
21.6	2.471		4.376	180.088
21.8	2.875		4.34	168.096
22.0	2.914		4.403	154.9
22.2	2.375		4.22	168.465
22.4	2.435		4.28	181.376
22.6	2.552		4.246	186.538
22.8	2.53		4.264	182.305
23.0	2.458		4.184	175.848
23.2	2.826		4.141	194.252
23.4	2.56		4.29	163.541
23.6	3.096		4.303	198.676
23.8	2.635		4.267	169.397
24.0	3.358		4.303	161.698
24.2	2.803		4.356	183.937
24.4	3.331		4.385	150.049
24.6	3.309		4.408	188.742
24.8	3.392		4.298	152.754
25.0	3.173		4.336	171.073
25.2	3.376		4.344	176.875
25.4	3.266		4.31	171.906
25.6	3.008		4.343	150.874
25.8	3.075		4.331	178.797
26.0	3.143		4.321	145.095
26.2	2.795		4.332	158.944
26.4	3.253		4.311	185.956
26.6	3.105		4.32	170.643
26.8	2.969		4.408	181.051
27.0	3.326		4.3	171.808
27.2	3.268		4.334	195.764
27.4	3.206		4.369	156.483
27.6	3.174		4.375	156.825
27.8	3.296		4.332	159.733
28.0	3.245		4.348	161.343
28.2	3.093		4.332	154.167
28.4	3.259		4.33	155.636
28.6	3.304		4.364	150.148
28.8	3.051		4.388	166.315
29.0	3.34		4.341	151.314
29.2	3.023		4.314	163.293
29.4	3.25		4.36	142.803
29.6	3.253		4.378	160.769
29.8	3.239		4.359	140.902
30.0	2.859		4.38	139.204
30.2	3.225		4.362	177.483
30.4	3.03		4.364	177.085
30.6	3.215		4.332	146.036
30.8	2.584		4.339	146.594
31.0	2.623		4.328	161.253
31.2	3.026		4.34	154.909
31.4	3.392		4.351	153.887
31.6	2.833		4.302	162.981
31.8	3.159		4.362	165.633
32.0	3.027		4.333	170.76
32.2	3.108		4.325	194.155
32.4	3.006		4.294	176.464
32.6	2.877		4.39	166.983
32.8	3.359		4.388	140.425
33.0	3.124		4.338	160.815
33.2	3.139		4.348	176.302
33.4	3.246		4.28	151.017
33.6	3.239		4.342	164.41
33.8	3.229		4.352	147.969
34.0	3.287		4.357	147.62
34.2	3.219		4.294	139.563
34.4	3.083		4.325	149.197
34.6	2.944		4.373	166.397
34.8	3.002		4.388	176.874
35.0	2.871		4.352	179.014
35.2	2.974		4.253	161.193
35.4	2.768		4.297	153.408
35.6	2.66		4.281	182.226
35.8	2.647		4.229	193.524
36.0	2.96		4.268	184.208
36.2	2.712		4.226	184.013
36.4	3.052		4.28	170.264
36.6	2.761		4.285	172.399
36.8	2.66		4.285	178.133
37.0	2.441		4.216	178.547
37.2	2.505		4.291	173.487
37.4	2.699		4.278	157.987
37.6	2.728		4.296	161.615
37.8	2.291		4.331	188.345
38.0	2.711		4.306	163.321
38.2	2.772		4.256	140.281
38.4	2.527		4.283	179.847
38.6	2.392		4.19	165.75
38.8	2.473		4.227	182.909
39.0	4.054		4.173	195.741
39.2	3.574		4.164	188.167
39.4	2.926		4.096	182.752
39.6	2.624		4.089	191.0
39.8	3.842		4.199	239.719
40.0	3.901		4.254	229.717
40.2	4.51		4.183	196.751
40.4	4.289		4.225	191.035
40.6	4.593		4.277	212.319
40.8	4.396		4.24	177.656
41.0	3.864		4.153	207.173
41.2	4.589		4.231	176.096
41.4	4.563		4.17	159.661
41.6	4.802		4.191	180.0
41.8	3.604		4.264	161.11
42.0	4.752		4.288	169.802
42.2	4.112		4.268	166.124
42.4	4.446		4.214	149.762
42.6	4.512		4.27	144.962
42.8	2.726		4.142	196.345
43.0	4.299		4.223	168.706
43.2	3.973		4.283	202.404
43.4	4.486		4.256	189.309
43.6	4.141		4.3	178.506
43.8	4.441		4.294	165.143
44.0	4.36		4.233	187.653
44.2	4.105		4.197	182.463
44.4	4.705		4.262	179.156
44.6	4.182		4.249	163.429
44.8	4.236		4.263	173.333
45.0	3.82		4.204	153.01
45.2	3.978		4.231	150.024
45.4	4.624		4.251	157.909
45.6	4.283		4.316	188.227
45.8	4.254		4.269	194.043
46.0	4.099		4.102	182.019
46.2	3.853		4.25	163.451
46.4	3.789		4.282	165.706
46.6	4.014		4.295	165.503
46.8	4.085		4.311	166.102
47.0	4.05		4.243	178.629
47.2	4.079		4.221	183.188
47.4	4.281		4.254	200.848
47.6	4.153		4.31	169.582
47.8	4.315		4.254	182.35
48.0	3.824		4.284	169.784
48.2	4.172		4.349	152.409
48.4	3.822		4.196	181.165
48.6	4.159		4.337	184.614
48.8	4.386		4.308	173.299
49.0	4.477		4.303	186.349
49.2	4.164		4.369	181.676
49.4	4.18		4.146	168.023
49.6	4.135		4.259	169.986
49.8	3.853		4.166	130.503
50.0	3.844		4.275	156.175
50.2	4.05		4.182	169.816
50.4	3.716		4.299	226.575
50.6	4.144		4.309	173.37
50.8	3.882		4.284	183.536
51.0	4.08		4.314	169.827
51.2	3.927		4.16	166.54
51.4	3.305		4.37	132.364
51.6	3.95		4.271	136.285
51.8	2.794		4.201	130.924
52.0	3.932		4.304	137.223
52.2	3.468		4.16	111.902
52.4	2.968		4.196	123.772
52.6	2.486		4.173	108.674
52.8	2.539		4.257	106.435
53.0	2.086		4.224	109.085
53.2	2.088		4.127	119.962
53.4	2.195		4.101	114.506
53.6	2.461		4.275	130.58
53.8	2.664		4.198	100.0
54.0	2.676		4.257	123.139
54.2	2.327		4.264	113.193
54.4	2.199		4.196	112.6
54.6	2.169		4.268	127.945
54.8	2.238		4.205	122.083
55.0	2.12		4.214	123.593
55.2	2.115		4.252	127.455
55.4	1.838		4.254	110.257
55.6	2.348		4.221	135.527
55.8	2.614		4.213	113.951
56.0	2.276		4.297	128.143
56.2	2.975		4.18	139.06
56.4	2.276		4.262	151.871
56.6	2.388		4.165	117.572
56.8	2.18		4.27	142.226
57.0	2.343		4.179	129.748
57.2	1.897		4.219	115.715
57.4	2.629		4.239	126.511
57.6	2.388		4.223	98.643
57.8	2.177		4.185	127.885
58.0	2.405		4.258	116.507
58.2	2.184		4.199	122.921
58.4	1.796		4.197	138.112
58.6	2.42		4.266	103.549
58.8	2.286		4.19	122.125
59.0	2.262		4.199	129.544
59.2	3.031		4.149	97.997
59.4	2.35		4.219	119.861
59.6	2.479		4.195	120.152
59.8	1.982		4.342	128.931
60.0	2.507		4.2	129.24
60.2	2.655		4.217	124.518
60.4	2.193		4.262	119.067
60.6	2.731		4.191	123.011
60.8	2.585		4.179	106.097
61.0	2.559		4.204	97.439
61.2	2.629		4.191	123.819
61.4	2.375		4.238	130.382
61.6	2.214		4.175	122.101
61.8	2.127		4.216	115.09
62.0	2.296		4.228	136.781
62.2	2.464		4.232	132.0
62.4	2.322		4.171	104.892
62.6	2.372		4.284	113.748
62.8	2.065		4.27	126.133
63.0	2.213		4.266	122.952
63.2	2.151		4.271	119.319
63.4	2.165		4.234	126.274
63.6	2.525		4.134	136.6
63.8	2.447		4.218	136.458
64.0	2.293		4.183	138.305
64.2	1.97		4.244	130.826
64.4	2.092		4.215	123.714
64.6	2.141		4.204	130.33
64.8	2.439		4.187	107.973
65.0	2.531		4.175	111.092
65.2	2.735		4.096	83.195
65.4	2.398		4.252	132.197
65.6	2.631		4.209	109.819
65.8	2.666		4.112	92.516
66.0	2.394		4.203	126.95
66.2	2.681		4.218	104.396
66.4	2.614		4.202	102.353
66.6	2.652		4.194	101.359
66.8	2.66		4.197	132.298
67.0	2.315		4.172	110.756
67.2	1.982		4.206	124.786
67.4	2.364		4.166	134.021
67.6	2.463		4.234	137.104
67.8	2.363		4.223	153.176
68.0	3.197		4.169	141.208
68.2	2.386		4.147	102.328
68.4	1.788		4.223	106.322
68.6	2.126		4.206	110.983
68.8	2.053		4.22	142.443
69.0	2.164		4.289	127.679
69.2	2.206		4.284	124.623
69.4	1.945		4.219	130.86
69.6	2.585		4.196	134.885
69.8	2.354		4.152	129.04
70.0	2.533		4.213	119.787
70.2	2.607		4.168	113.514
70.4	2.439		4.187	116.375
70.6	1.818		4.236	142.209
70.8	2.295		4.222	138.06
71.0	2.229		4.239	130.469
71.2	2.479		4.139	117.838
71.4	2.145		4.257	127.98
71.6	2.58		4.243	129.655
71.8	2.363		4.194	136.045
72.0	2.526		4.217	110.771
72.2	2.388		4.221	124.18
72.4	2.413		4.25	146.5
72.6	2.518		4.216	124.464
72.8	2.359		4.217	149.702
73.0	2.297		4.215	120.813
73.2	2.139		4.222	112.208
73.4	2.728		4.194	142.419
73.6	2.369		4.159	122.634
73.8	2.496		4.255	124.594
74.0	2.264		4.166	106.97
74.2	2.458		4.196	129.496
74.4	2.471		4.228	116.253
74.6	2.361		4.269	112.439
74.8	1.851		4.26	150.303
75.0	2.395		4.192	126.21
75.2	2.438		4.278	136.685
75.4	2.259		4.213	117.796
75.6	2.189		4.26	120.825
75.8	2.895		4.194	111.862
76.0	2.326		4.182	113.811
76.2	2.151		4.268	114.219
76.4	2.235		4.249	114.429
76.6	2.279		4.276	133.007
76.8	2.615		4.257	149.349
77.0	2.281		4.22	132.187
77.2	1.969		4.213	134.711
77.4	2.367		4.246	125.606
77.6	2.391		4.267	124.4
77.8	2.439		4.243	142.642
78.0	2.332		4.173	134.669
78.2	2.554		4.3	139.322
78.4	2.458		4.267	134.643
78.6	3.122		4.18	109.798
78.8	2.611		4.176	118.052
79.0	2.399		4.127	123.038
79.2	2.472		4.246	122.293
79.4	2.576		4.07	128.56
79.6	2.592		4.186	118.058
79.8	2.384		4.262	130.654
80.0	2.381		4.234	118.732
80.2	2.698		4.175	137.616
80.4	2.422		4.209	112.185
80.6	2.415		4.208	116.078
80.8	2.279		4.229	134.821
81.0	2.382		4.267	116.713
81.2	2.05		4.216	137.439
81.4	2.647		4.212	112.649
81.6	2.562		4.164	90.408
81.8	2.688		4.086	138.374
82.0	2.849		4.199	128.542
82.2	2.315		4.254	111.566
82.4	2.214		4.234	133.96
82.6	2.173		4.213	144.358
82.8	2.745		4.202	130.378
83.0	2.728		4.213	107.97
83.2	2.34		4.272	129.696
83.4	2.115		4.234	125.665
83.6	2.812		4.264	109.452
83.8	2.201		4.237	109.224
84.0	2.386		4.19	122.321
84.2	2.881		4.265	145.192
84.4	2.678		4.282	124.413
84.6	2.546		4.245	112.537
84.8	2.136		4.18	112.031
85.0	2.215		4.203	131.431
85.2	2.745		4.262	144.979
85.4	2.573		4.173	120.395
85.6	2.623		4.17	128.793
85.8	3.119		4.273	116.128
86.0	2.921		4.318	126.971
86.2	2.73		4.266	111.403
86.4	2.646		4.259	108.868
86.6	2.63		4.295	129.554
86.8	2.261		4.28	125.0
87.0	1.887		4.165	135.621
87.2	3.109		4.198	97.797
87.4	2.462		4.258	126.224
87.6	2.751		4.249	104.66
87.8	2.278		4.288	115.656
88.0	2.573		4.264	123.926
88.2	2.517		4.266	135.113
88.4	2.295		4.25	105.319
88.6	2.444		4.216	126.51
88.8	2.798		4.247	117.257
89.0	2.629		4.246	115.874
89.2	2.443		4.086	123.41
89.4	2.633		4.29	111.252
89.6	2.494		4.191	111.278
89.8	2.358		4.25	127.356
90.0	2.65		4.182	110.724
90.2	2.739		4.166	106.474
90.4	2.656		4.271	103.025
90.6	3.101		4.263	103.368
90.8	3.144		4.187	100.358
91.0	2.721		4.179	101.937
91.2	2.159		4.262	130.061
91.4	3.068		4.164	106.553
91.6	2.974		4.198	114.781
91.8	3.164		4.134	111.508
92.0	2.448		4.223	123.448
92.2	3.105		4.115	115.524
92.4	2.145		4.274	124.011
92.6	3.075		4.116	126.807
92.8	3.068		4.198	109.871
93.0	2.636		4.229	102.313
93.2	2.577		4.131	117.888
93.4	3.482		4.108	99.849
93.6	2.543		4.213	145.412
93.8	2.788		4.23	158.574
94.0	2.992		4.176	195.328
94.2	2.936		4.171	184.822
94.4	2.198		4.21	180.836
94.6	3.252		4.224	104.439
94.8	2.993		4.243	137.559
95.0	2.916		4.174	107.933
95.2	2.909		4.233	137.523
95.4	2.978		4.182	123.318
95.6	2.761		4.217	127.123
95.8	2.229		4.153	149.169
96.0	2.244		4.2	126.543
96.2	3.051		4.108	109.767
96.4	2.374		4.192	122.184
96.6	2.376		4.16	153.088
96.8	2.988		4.183	127.854
97.0	2.701		4.158	162.049
97.2	2.696		4.203	156.708
97.4	2.082		4.18	166.463
97.6	2.45		4.082	181.137
97.8	1.704		4.227	183.741
98.0	4.384		4.348	193.88
98.2	3.659		4.333	232.477
98.4	3.16		4.173	230.586
98.6	3.703		4.218	252.461
98.8	3.681		4.295	250.215
99.0	3.552		4.264	227.215
99.2	4.148		4.361	272.902
99.4	3.722		4.194	183.991
99.6	3.965		4.295	195.452
99.8	3.438		4.196	144.342
100.0	3.779		4.191	171.874
100.2	3.416		4.174	203.388
100.4	3.497		4.248	173.17
100.6	3.595		4.222	186.929
100.8	3.398		4.095	178.959
101.0	3.269		4.163	161.743
101.2	2.927		4.181	160.789
101.4	2.227		4.218	210.868
101.6	2.203		4.23	134.309
101.8	2.214		4.268	170.648
102.0	3.892		4.161	184.155
102.2	4.073		4.298	191.306
102.4	3.096		4.111	159.773
102.6	3.444		4.346	167.965
102.8	3.726		4.077	181.035
103.0	4.114		4.164	210.491
103.2	3.715		4.119	162.861
103.4	3.28		4.23	170.124
103.6	3.669		4.257	184.972
103.8	4.127		4.213	169.244
104.0	3.746		4.261	161.253
104.2	3.854		4.034	143.722
104.4	3.735		4.169	176.491
104.6	3.818		4.266	141.531
104.8	4.056		4.261	144.714
105.0	3.356		4.117	152.918
105.2	3.683		4.281	146.923
105.4	3.546		4.199	163.004
105.6	4.029		4.375	141.686
105.8	2.957		4.226	121.325
106.0	3.185		4.094	129.877
106.2	3.211		4.244	169.182
106.4	3.471		4.197	159.346
106.6	2.937		4.178	126.222
106.8	3.416		4.266	141.065
107.0	2.103		4.257	149.873
107.2	3.915		4.211	161.561
107.4	3.773		4.177	147.991
107.6	3.54		4.215	149.188
107.8	2.569		4.121	137.671
108.0	2.447		4.204	169.13
108.2	3.278		4.04	121.0
108.4	3.015		4.133	129.252
108.6	2.589		4.266	139.686
108.8	2.955		4.221	118.231
109.0	2.925		4.132	107.719
109.2	2.464		4.17	127.659
109.4	2.601		4.131	111.947
109.6	2.59		4.18	130.566
109.8	3.334		4.243	147.685
110.0	3.576		4.315	148.831
110.2	3.906		4.179	126.977
110.4	3.824		4.157	176.152
110.6	3.399		4.192	157.618
110.8	2.24		4.198	138.515
111.0	3.625		4.23	123.868
111.2	3.139		4.225	131.367
111.4	3.464		4.235	104.278
111.6	3.052		4.253	128.418
111.8	2.743		4.207	144.825
112.0	2.801		4.213	128.384
112.2	2.811		4.196	167.696
112.4	4.008		4.105	134.133
112.6	2.969		4.218	140.781
112.8	3.244		4.19	114.284
113.0	2.479		4.295	148.007
113.2	2.687		4.107	191.131
113.4	2.507		4.239	188.583
113.6	2.743		4.219	207.655
113.8	2.615		4.145	191.374
114.0	3.314		4.182	108.21
114.2	3.501		4.237	90.88
114.4	2.68		4.202	109.351
114.6	3.026		4.152	92.782
114.8	3.171		4.267	116.086
115.0	3.091		4.226	108.179
115.2	3.51		4.152	97.332
115.4	3.355		4.2	99.252
115.6	3.992		4.344	150.158
115.8	3.729		4.218	143.393
116.0	3.834		4.332	156.251
116.2	4.551		4.281	177.628
116.4	4.237		4.242	169.755
116.6	4.401		4.275	171.461
116.8	4.357		4.224	178.694
117.0	4.411		4.311	159.648
117.2	4.252		4.264	159.332
117.4	3.8		4.242	176.496
117.6	4.606		4.246	174.362
117.8	4.351		4.199	165.626
118.0	3.983		4.263	199.398
118.2	4.193		4.286	143.129
118.4	4.216		4.284	178.576
118.6	3.701		4.311	181.578
118.8	3.666		4.224	138.632
119.0	4.231		4.307	166.251
119.2	3.994		4.29	166.027
119.4	4.231		4.297	161.849
119.6	3.847		4.322	144.119
119.8	4.174		4.286	141.795
120.0	3.887		4.197	147.185
120.2	3.782		4.263	153.634
120.4	3.548		4.266	157.715
120.6	3.296		4.169	168.595
120.8	3.398		4.184	134.178
121.0	3.955		4.31	154.69
121.2	3.469		4.193	152.908
121.4	3.497		4.307	145.784
121.6	3.664		4.281	166.458
121.8	3.73		4.294	157.301
122.0	4.221		4.288	152.333
122.2	3.811		4.247	152.273
122.4	3.932		4.31	154.001
122.6	3.806		4.309	136.098
122.8	3.817		4.231	162.615
123.0	3.759		4.27	154.72
123.2	3.801		4.303	128.026
123.4	2.213		4.241	155.492
123.6	3.5		4.286	126.229
123.8	2.407		4.247	146.214
124.0	3.104		4.348	190.937
124.2	2.007		4.204	132.088
124.4	2.021		4.2	141.445
124.6	3.547		4.188	162.758
124.8	3.534		4.233	155.237
125.0	3.728		4.227	177.548
125.2	3.092		4.282	157.731
125.4	4.132		4.317	178.412
125.6	3.335		4.255	167.848
125.8	3.415		4.251	150.184
126.0	3.104		4.266	123.357
126.2	2.566		4.256	140.638
126.4	3.059		4.182	118.693
126.6	3.973		4.276	135.462
126.8	3.687		4.304	155.789
127.0	2.427		4.192	182.697
127.2	3.995		4.315	151.957
127.4	2.931		4.181	122.576
127.6	2.068		4.185	153.259
127.8	3.076		4.128	132.124
128.0	2.395		4.255	155.052
128.2	2.662		4.214	162.144
128.4	2.475		4.234	156.595
128.6	3.691		4.231	166.717
128.8	4.039		4.172	159.822
129.0	3.811		4.244	137.073
129.2	3.999		4.255	155.836
129.4	2.534		4.197	164.11
129.6	3.181		4.14	151.283
129.8	3.904		4.215	179.758
130.0	3.157		4.135	125.124
130.2	3.569		4.254	164.729
130.4	3.821		4.311	155.971
130.6	3.902		4.32	169.632
130.8	3.64		4.257	153.124
131.0	3.499		4.255	168.7
131.2	2.846		4.241	149.571
131.4	2.8		4.072	128.578
131.6	2.486		4.149	153.352
131.8	3.624		4.294	176.075
132.0	3.49		4.255	149.937
132.2	2.692		4.244	164.922
132.4	3.696		4.284	165.936
132.6	3.689		4.214	164.213
132.8	3.735		4.19	154.706
133.0	3.898		4.301	185.375
133.2	4.162		4.196	156.182
133.4	3.856		4.287	165.024
133.6	3.562		4.306	164.464
133.8	3.8		4.342	176.165
134.0	2.778		4.236	216.051
134.2	3.407		4.303	213.657
134.4	4.38		4.287	180.076
134.6	4.383		4.216	156.656
134.8	4.065		4.341	161.839
135.0	3.968		4.3	155.44
135.2	3.705		4.272	193.991
135.4	3.51		4.134	182.62
135.6	3.834		4.321	194.011
135.8	3.748		4.228	237.819
136.0	3.568		4.336	224.424
136.2	3.631		4.236	179.786
136.4	3.503		4.206	174.141
136.6	4.109		4.265	163.583
136.8	3.989		4.279	154.39
137.0	3.623		4.251	155.714
137.2	3.788		4.299	141.361
137.4	3.579		4.329	164.833
137.6	3.943		4.322	166.593
137.8	3.392		4.249	151.989
138.0	2.447		4.127	176.236
138.2	3.495		4.276	147.244
138.4	3.25		4.172	148.27
138.6	3.303		4.085	172.938
138.8	2.078		4.106	157.163
139.0	2.216		4.254	189.533
139.2	2.58		4.115	139.436
139.4	2.813		4.142	115.821
139.6	2.605		4.16	104.27
139.8	3.248		4.168	103.372
140.0	2.415		4.159	122.878
140.2	2.918		4.29	148.4
140.4	3.125		4.209	173.161
140.6	3.124		4.207	192.722
140.8	3.381		4.268	184.507
141.0	3.338		4.289	183.207
141.2	3.136		4.235	161.739
141.4	2.898		4.255	176.197
141.6	3.105		4.208	138.316
141.8	3.231		4.173	180.068
142.0	3.574		4.165	127.773
142.2	3.677		4.238	159.097
142.4	3.303		4.255	158.083
142.6	3.184		4.319	178.02
142.8	3.296		4.285	224.316
143.0	2.768		4.24	169.629
143.2	3.314		4.248	184.972
143.4	3.407		4.238	207.026
143.6	3.568		4.153	214.458
143.8	3.559		4.085	210.045
144.0	3.71		4.262	172.117
144.2	3.682		4.287	180.714
144.4	3.104		4.326	173.384
144.6	3.892		4.274	183.521
144.8	3.361		4.325	149.271
145.0	4.087		4.25	188.543
145.2	3.497		4.267	173.877
145.4	4.157		4.309	220.561
145.6	3.588		4.28	171.523
145.8	3.567		4.31	165.009
146.0	3.916		4.34	195.097
146.2	3.595		4.198	156.217
146.4	3.497		4.281	160.454
146.6	3.865		4.177	200.24
146.8	4.813		4.179	199.415
147.0	5.014		4.342	255.818
147.2	6.436		4.159	243.746
147.4	5.155		4.201	258.676
147.6	5.555		4.336	285.928
147.8	5.75		4.128	272.741
148.0	6.31		4.358	263.279
148.2	6.419		4.153	227.471
148.4	4.032		4.131	239.613
148.6	2.832		4.205	212.488
148.8	3.09		4.278	236.106
149.0	3.305		4.269	275.085
149.2	3.018		4.356	184.441
149.4	3.475		4.199	151.066
149.6	3.719		4.219	214.32
149.8	3.359		4.271	174.777
150.0	3.675		4.346	136.806
150.2	4.106		4.333	173.011
150.4	3.209		4.211	152.519
150.6	2.407		4.262	133.058
150.8	3.706		4.253	167.727
151.0	3.97		4.305	189.962
151.2	3.735		4.212	193.439
151.4	4.324		4.243	180.246
151.6	3.602		4.291	192.23
151.8	3.918		4.291	194.173
152.0	3.559		4.175	170.577
152.2	3.592		4.207	104.272
152.4	3.676		4.251	156.513
152.6	3.455		4.282	176.722
152.8	3.797		4.3	172.03
153.0	4.032		4.195	175.958
153.2	4.161		4.312	180.237
153.4	3.38		4.265	179.124
153.6	3.856		4.289	212.791
153.8	3.719		4.32	193.11
154.0	4.399		4.359	221.031
154.2	3.652		4.246	157.741
154.4	3.987		4.325	164.95
154.6	2.797		4.176	156.391
154.8	3.067		4.249	173.301
155.0	3.316		4.227	130.056
155.2	2.113		4.198	166.96
155.4	3.325		4.269	133.267
155.6	3.036		4.236	142.197
155.8	2.942		4.202	139.753
156.0	3.17		4.266	158.147
156.2	2.697		4.221	150.216
156.4	2.758		4.22	121.636
156.6	2.472		4.227	158.668
156.8	3.38		4.214	174.624
157.0	3.688		4.212	164.491
157.2	3.313		4.178	109.204
157.4	3.326		4.176	140.063
157.6	4.135		4.34	143.673
157.8	3.573		4.256	135.022
158.0	3.216		4.269	160.449
158.2	3.361		4.279	183.328
158.4	2.409		4.238	179.301
158.6	3.4		4.197	188.804
158.8	2.866		4.322	194.216
159.0	4.064		4.182	210.705
159.2	3.871		4.322	244.348
159.4	3.514		4.29	228.205
159.6	3.339		4.184	203.463
159.8	3.439		4.164	203.999
160.0	3.391		4.177	196.119
160.2	3.353		4.191	178.958
160.4	3.333		4.208	218.36
160.6	4.016		4.242	243.706
160.8	3.559		4.299	220.996
161.0	3.977		4.238	201.684
161.2	3.457		4.209	222.715
161.4	5.47		4.153	272.785
161.6	5.17		4.194	271.354
161.8	6.021		4.232	285.793
162.0	5.005		4.194	271.429
162.2	5.627		4.178	243.435
162.4	5.893		4.135	271.398
162.6	3.938		4.168	230.509
162.8	5.965		4.198	291.324
163.0	4.012		4.139	263.901
163.2	4.773		4.271	294.916
163.4	4.683		4.25	224.213
163.6	6.44		4.278	295.173
163.8	6.256		4.123	310.156
164.0	7.854		4.192	338.174
164.2	5.923		4.245	314.382
164.4	5.042		4.169	315.005
164.6	4.75		4.202	300.293
164.8	4.733		4.199	283.103
165.0	5.301		4.253	285.769
165.2	5.081		4.209	263.634
165.4	4.339		4.136	235.53
165.6	4.185		4.27	275.31
165.8	4.5		4.212	290.449
166.0	5.352		4.207	290.651
166.2	4.574		4.243	301.087
166.4	5.375		4.229	278.096
166.6	4.066		4.235	282.535
166.8	4.492		4.276	270.51
167.0	4.217		4.273	280.843
167.2	4.432		4.318	276.258
167.4	4.563		4.214	255.688
167.6	5.423		4.199	258.978
167.8	4.029		4.33	214.759
168.0	4.46		4.356	226.147
168.2	4.292		4.311	199.475
168.4	4.144		4.206	236.002
168.6	5.468		4.19	244.87
168.8	5.148		4.233	289.505
169.0	5.149		4.256	273.908
169.2	5.491		4.269	287.676
169.4	4.875		4.202	260.402
169.6	5.29		4.24	263.42
169.8	4.799		4.218	237.592
170.0	4.306		4.193	220.79
170.2	4.728		4.153	249.001
170.4	4.485		4.24	274.878
170.6	4.913		4.26	249.796
170.8	5.355		4.279	252.081
171.0	5.077		4.192	270.122
171.2	4.274		4.206	243.586
171.4	4.231		4.188	178.385
171.6	4.369		4.107	219.655
171.8	4.072		4.207	222.473
172.0	5.119		4.256	259.056
172.2	4.156		4.259	246.845
172.4	4.064		4.166	246.926
172.6	4.503		4.255	260.308
172.8	4.698		4.162	253.949
173.0	4.445		4.251	263.6
173.2	4.838		4.23	311.089
173.4	4.215		4.189	251.516
173.6	4.801		4.266	295.442
173.8	4.64		4.254	299.585
174.0	4.201		4.155	283.217
174.2	4.453		4.265	295.632
174.4	4.097		4.348	275.347
174.6	5.372		4.168	301.745
174.8	4.657		4.283	293.323
175.0	5.413		4.239	310.268
175.2	4.902		4.342	325.315
175.4	4.694		4.314	276.593
175.6	4.874		4.183	267.12
175.8	4.145		4.203	253.115
176.0	4.763		4.265	305.241
176.2	4.132		4.226	289.267
176.4	4.626		4.277	191.105
176.6	5.191		4.292	287.839
176.8	6.121		4.235	314.925
177.0	6.255		4.241	318.493
177.2	7.0		4.245	323.803
177.4	6.573		4.251	330.888
177.6	6.807		4.134	327.147
177.8	6.858		4.154	361.973
178.0	7.552		4.172	364.443
178.2	5.879		4.206	312.848
178.4	6.544		4.16	324.682
178.6	7.747		4.213	356.657
178.8	3.937		4.249	246.514
179.0	4.944		4.256	264.52
179.2	4.149		4.227	269.958
179.4	8.057		4.239	347.308
179.6	4.274		4.345	257.489
179.8	5.209		4.36	270.995
180.0	4.88		4.292	251.425
180.2	4.705		4.209	275.598
180.4	5.201		4.192	271.391
180.6	5.53		4.203	267.614
180.8	4.266		4.221	244.854
181.0	5.643		4.208	288.885
181.2	5.254		4.335	251.014
181.4	4.588		4.231	234.234
181.6	5.568		4.238	320.425
181.8	6.315		4.145	309.849
182.0	5.398		4.312	238.972
182.2	4.867		4.257	255.102
182.4	4.482		4.346	251.998
182.6	4.471		4.23	212.731
182.8	4.211		4.213	177.708
183.0	3.807		4.158	151.273
183.2	3.788		4.214	176.122
183.4	4.016		4.225	165.002
183.6	3.346		4.196	187.208
183.8	4.701		4.152	223.141
184.0	3.984		4.191	169.219
184.2	3.988		4.15	152.622
184.4	4.124		4.13	179.068
184.6	4.552		4.188	175.596
184.8	4.255		4.168	225.358
185.0	4.284		4.206	258.822
185.2	5.917		4.183	370.337
185.4	5.807		4.218	383.772
185.6	4.041		4.216	326.26
185.8	5.447		4.218	280.745
186.0	5.124		4.245	273.981
186.2	6.104		4.208	292.559
186.4	5.364		4.217	204.783
186.6	5.123		4.226	231.174
186.8	5.253		4.263	212.217
187.0	5.511		4.162	223.047
187.2	5.268		4.196	208.305
187.4	4.219		4.153	253.819
187.6	4.45		4.238	227.853
187.8	4.667		4.256	260.24
188.0	4.509		4.26	233.293
188.2	4.152		4.172	200.888
188.4	4.16		4.176	230.114
188.6	4.046		4.211	235.886
188.8	4.046		4.202	202.087
189.0	4.727		4.182	200.8
189.2	5.197		4.19	250.555
189.4	3.899		4.284	241.791
189.6	4.33		4.16	213.581
189.8	5.3		4.194	248.559
190.0	4.887		4.294	218.085
190.2	4.319		4.155	188.979
190.4	3.656		4.21	214.276
190.6	4.214		4.214	182.848
190.8	4.094		4.22	208.939
191.0	3.876		4.19	172.407
191.2	4.762		4.165	142.311
191.4	4.864		4.204	232.75
191.6	5.925		4.144	254.944
191.8	6.65		4.263	266.125
192.0	5.53		4.304	296.442
192.2	5.099		4.28	267.702
192.4	6.932		4.206	289.569
192.6	5.761		4.219	279.225
192.8	8.692		4.194	313.922
193.0	8.526		4.189	327.255
193.2	9.983		4.288	364.439
193.4	9.265		4.323	344.093
193.6	10.004		4.211	356.02
193.8	9.765		4.231	325.806
194.0	9.705		4.249	377.389
194.2	11.299		4.163	356.041
194.4	9.738		4.228	366.004
194.6	9.162		4.244	366.925
194.8	10.394		4.21	374.938
195.0	9.792		4.179	349.971
195.2	8.598		4.303	347.142
195.4	7.395		4.265	284.394
195.6	6.412		4.127	246.054
195.8	7.091		4.186	249.393
196.0	6.137		4.154	176.362
196.2	7.329		4.237	277.589
196.4	7.927		4.266	254.968
196.6	7.756		4.252	227.111
196.8	7.218		4.155	223.073
197.0	6.828		4.246	278.451
197.2	6.033		4.142	233.821
197.4	7.861		4.247	258.223
197.6	7.5		4.239	262.804
197.8	7.117		4.217	239.418
198.0	7.351		4.287	239.581
198.2	7.553		4.194	203.214
198.4	7.108		4.226	234.55
198.6	7.064		4.177	197.739
198.8	6.979		4.145	220.286
199.0	7.639		4.309	258.43
199.2	9.087		4.321	244.464
199.4	6.671		4.238	194.459
199.6	8.248		4.224	247.293
199.8	6.926		4.267	247.661
200.0	7.345		4.221	226.236
200.2	7.71		4.255	223.361
200.4	7.522		4.175	225.486
