Time (ns)	RMSD	RMSF	rGyr	SASA
0	0	0.224	4.474	146.93
0.2	1.488	0.245	4.611	207.774
0.4	1.312	0.242	4.541	153.261
0.6	1.369	0.256	4.508	171.778
0.8	1.397	0.251	4.569	187.978
1	1.528	0.339	4.513	163.663
1.2	2.015	0.539	4.658	155.869
1.4	1.704	0.557	4.523	152.135
1.6	1.773	0.289	4.566	156.094
1.8	1.306	0.257	4.62	161.539
2	1.292	0.561	4.548	137.133
2.2	1.233	0.421	4.531	149.185
2.4	1.433	0.418	4.474	168.065
2.6	1.497	0.391	4.521	161.937
2.8	1.689	0.308	4.635	187.906
3	1.292	0.488	4.603	171.397
3.2	1.421	0.547	4.543	181.905
3.4	1.465	0.362	4.545	167.591
3.6	1.3	0.394	4.5	170.255
3.8	1.451	1.238	4.482	180.455
4	1.362	1.25	4.484	193.75
4.2	1.299	0.599	4.487	146.229
4.4	1.876	1.7	4.449	162.448
4.6	1.687	0.483	4.616	179.679
4.8	1.546	0.571	4.732	152.87
5	1.897	1.689	4.484	174.582
5.2	1.675	1.294	4.518	155.754
5.4	1.473		4.456	160.111
5.6	1.836		4.483	185.043
5.8	1.51		4.571	165.239
6	1.376		4.436	164.918
6.2	1.795		4.644	202.979
6.4	1.818		4.434	162.109
6.6	1.564		4.422	169.91
6.8	1.83		4.442	161.387
7	1.235		4.636	162.838
7.2	1.451		4.57	185.993
7.4	1.471		4.408	191.794
7.6	1.674		4.503	170.03
7.8	1.936		4.604	201.703
8	1.903		4.465	169.921
8.2	2.096		4.53	157.386
8.4	1.983		4.573	174.458
8.6	1.769		4.524	144.33
8.8	1.699		4.633	176.936
9	1.338		4.6	162.392
9.2	1.448		4.405	189.107
9.4	1.591		4.558	173.496
9.6	2.043		4.499	174.811
9.8	1.736		4.53	172.986
10	1.366		4.593	176.26
10.2	1.528		4.676	197.792
10.4	1.686		4.615	182.901
10.6	2.148		4.571	171.527
10.8	1.918		4.539	173.377
11	1.357		4.572	173.436
11.2	1.967		4.553	160.461
11.4	2.131		4.599	157.932
11.6	1.789		4.463	188.698
11.8	2.046		4.592	158.619
12	1.377		4.455	204.986
12.2	2		4.533	182.886
12.4	1.379		4.534	201.333
12.6	1.329		4.407	191.222
12.8	1.564		4.586	167.572
13	1.442		4.492	202.426
13.2	1.608		4.638	216.444
13.4	1.554		4.534	208.118
13.6	1.78		4.521	216.243
13.8	1.477		4.532	190.463
14	1.39		4.67	172.436
14.2	1.548		4.532	174.362
14.4	1.512		4.552	199.205
14.6	1.874		4.466	182.581
14.8	1.926		4.557	205.454
15	1.786		4.597	183.028
15.2	1.218		4.532	202.742
15.4	1.718		4.431	171.374
15.6	1.587		4.509	161.017
15.8	1.431		4.534	186.909
16	1.7		4.532	189.42
16.2	1.538		4.556	197.98
16.4	1.692		4.477	164.022
16.6	0.906		4.484	167.96
16.8	1.52		4.44	164.932
17	2.242		4.611	215.644
17.2	1.658		4.54	216.221
17.4	2.563		4.588	193.532
17.6	1.974		4.58	182.07
17.8	1.653		4.491	194.75
18	1.599		4.508	170.633
18.2	1.538		4.602	186.104
18.4	1.602		4.53	187.438
18.6	1.206		4.486	168.512
18.8	1.601		4.448	184.794
19	1.337		4.508	186.403
19.2	1.809		4.408	174.077
19.4	1.753		4.576	203.878
19.6	1.937		4.522	181.364
19.8	1.451		4.556	172.859
20	1.834		4.578	222.944
20.2	2.006		4.647	179.568
20.4	2.022		4.5	190.311
20.6	1.645		4.465	185.842
20.8	1.405		4.528	187.323
21	1.215		4.534	178.228
21.2	1.531		4.433	181.879
21.4	1.606		4.587	172.867
21.6	1.542		4.606	182.687
21.8	1.849		4.553	202.73
22	1.399		4.501	183.545
22.2	1.011		4.389	173.319
22.4	1.389		4.563	157.051
22.6	1.418		4.648	176.708
22.8	1.334		4.632	187.327
23	1.391		4.56	194.097
23.2	1.497		4.538	209.246
23.4	1.681		4.679	192.003
23.6	1.243		4.378	191.191
23.8	1.151		4.477	180.908
24	1.713		4.628	178.377
24.2	1.545		4.521	171.165
24.4	1.486		4.494	170.389
24.6	1.602		4.531	214.982
24.8	1.262		4.518	183.555
25	1.586		4.55	178.33
25.2	1.104		4.52	181.652
25.4	1.537		4.553	195.755
25.6	1.627		4.477	184.916
25.8	1.416		4.528	174.759
26	1.458		4.465	165.204
26.2	1.709		4.551	176.735
26.4	1.868		4.611	163.274
26.6	1.574		4.46	198.575
26.8	1.194		4.666	188.388
27	1.561		4.508	181.412
27.2	1.248		4.562	197.837
27.4	1.43		4.587	170.926
27.6	1.406		4.494	149.384
27.8	1.476		4.7	197.601
28	1.607		4.481	168.054
28.2	1.965		4.557	166.351
28.4	1.801		4.46	164.706
28.6	1.652		4.561	175.612
28.8	1.43		4.503	192.003
29	1.96		4.471	174.591
29.2	1.244		4.534	198.689
29.4	1.81		4.416	194.118
29.6	1.637		4.604	209.337
29.8	1.428		4.553	182.335
30	1.704		4.467	185.972
30.2	1.421		4.527	184.836
30.4	1.47		4.604	215.373
30.6	1.542		4.531	191.032
30.8	1.691		4.663	218.035
31	1.738		4.503	205.831
31.2	1.476		4.54	183.155
31.4	1.978		4.617	183.831
31.6	2.208		4.775	176.453
31.8	2.134		4.554	151.072
32	1.798		4.441	168.648
32.2	1.534		4.524	165.308
32.4	1.48		4.606	181.605
32.6	2.176		4.554	201.648
32.8	1.081		4.352	188.921
33	1.337		4.559	202.297
33.2	1.47		4.47	223.144
33.4	1.333		4.527	200.177
33.6	1.452		4.585	206.203
33.8	1.081		4.518	198.528
34	1.795		4.593	182.881
34.2	1.513		4.439	190.389
34.4	2.155		4.556	179.7
34.6	1.382		4.465	196.056
34.8	1.766		4.434	196.272
35	1.292		4.469	183.428
35.2	2.01		4.664	189.503
35.4	1.607		4.496	172.716
35.6	1.66		4.511	162.789
35.8	1.826		4.607	217.825
36	1.962		4.521	206.027
36.2	2.226		4.534	220.366
36.4	1.918		4.628	170.671
36.6	1.875		4.44	182.31
36.8	1.487		4.537	174.758
37	2.074		4.546	192.627
37.2	1.703		4.592	175.907
37.4	1.867		4.478	190.41
37.6	2.017		4.658	195.011
37.8	1.692		4.461	177.592
38	1.92		4.622	193.368
38.2	2.282		4.745	174.648
38.4	1.387		4.626	180.74
38.6	2.178		4.676	211.328
38.8	1.919		4.437	180.976
39	1.321		4.557	195.297
39.2	1.507		4.518	159.027
39.4	1.893		4.612	161.314
39.6	2.119		4.67	146.806
39.8	1.596		4.581	169.864
40	2.345		4.612	150.364
40.2	1.995		4.61	167.36
40.4	2.393		4.704	147.273
40.6	2.108		4.6	159.827
40.8	2.202		4.634	164.359
41	2.029		4.527	169.301
41.2	1.728		4.524	179.465
41.4	1.473		4.461	209.542
41.6	1.883		4.58	189.922
41.8	1.669		4.574	201.784
42	1.969		4.431	195.93
42.2	2.824		4.492	181.024
42.4	2.458		4.668	199.829
42.6	2.206		4.542	152.459
42.8	2.113		4.531	161.091
43	2.356		4.518	173.256
43.2	2.684		4.619	173.018
43.4	2.301		4.507	172.515
43.6	2.159		4.522	162.661
43.8	1.77		4.422	173.265
44	1.296		4.512	177.191
44.2	2.167		4.426	163.035
44.4	1.777		4.649	183.593
44.6	1.578		4.452	153.186
44.8	1.997		4.498	169.303
45	2.102		4.566	179.026
45.2	1.36		4.52	195.64
45.4	2.077		4.534	152.644
45.6	2.205		4.609	168.046
45.8	2.322		4.463	166.452
46	3.172		4.557	142.13
46.2	3.306		4.482	127.282
46.4	3.034		4.566	146.626
46.6	3.336		4.498	123.028
46.8	2.76		4.543	137.381
47	3.01		4.606	123.966
47.2	1.864		4.444	148.377
47.4	3.276		4.644	136.639
47.6	1.755		4.535	140.816
47.8	1.991		4.571	182.193
48	2.555		4.551	150.762
48.2	2.742		4.594	148.362
48.4	2.122		4.456	146.097
48.6	2.639		4.509	144.903
48.8	3.034		4.513	119.829
49	2.795		4.554	127.61
49.2	2.341		4.468	135.992
49.4	2.67		4.587	129.118
49.6	2.501		4.454	135.487
49.8	2.526		4.534	131.84
50	2.85		4.462	133.959
50.2	3.246		4.574	151.791
50.4	2.536		4.631	181.192
50.6	2.244		4.515	155.646
50.8	1.865		4.419	177.432
51	2.879		4.596	175.241
51.2	1.851		4.503	187.056
51.4	1.746		4.5	160.069
51.6	1.576		4.554	183.578
51.8	1.899		4.572	172.027
52	1.418		4.532	179.382
52.2	1.53		4.465	174.348
52.4	2.335		4.501	131.858
52.6	1.96		4.483	176.348
52.8	1.809		4.525	171.856
53	2.246		4.496	143.742
53.2	2.063		4.511	175.74
53.4	1.959		4.555	177.414
53.6	1.542		4.61	182.077
53.8	2.827		4.592	150.802
54	2.445		4.448	118.016
54.2	2.533		4.47	103.869
54.4	1.73		4.569	168.212
54.6	2.183		4.557	169.24
54.8	2.276		4.542	186.941
55	1.867		4.632	181.424
55.2	1.629		4.501	164.344
55.4	1.858		4.517	163.142
55.6	2.038		4.511	168.996
55.8	1.821		4.592	161.817
56	1.67		4.573	180.348
56.2	2.076		4.588	160.277
56.4	1.762		4.556	163.407
56.6	2.154		4.552	142.675
56.8	1.499		4.54	167.727
57	1.894		4.473	161.174
57.2	2.417		4.493	168.321
57.4	1.859		4.507	170.052
57.6	1.987		4.575	150.407
57.8	2.24		4.602	153.846
58	1.794		4.504	158.804
58.2	2.439		4.543	152.007
58.4	1.989		4.482	165.235
58.6	2.702		4.548	147.623
58.8	2.029		4.623	172.897
59	2.063		4.48	166.813
59.2	2.421		4.583	189.104
59.4	2.444		4.668	201.181
59.6	2.532		4.436	160.622
59.8	3.038		4.578	143.058
60	2.84		4.581	139.39
60.2	3.359		4.625	167.018
60.4	2.43		4.559	226.603
60.6	2.81		4.565	152.86
60.8	1.937		4.529	190.758
61	2.634		4.604	189.331
61.2	2.514		4.585	156.513
61.4	2.361		4.623	196.379
61.6	2.492		4.481	160.676
61.8	2.616		4.52	159.29
62	2.836		4.544	149.671
62.2	2.602		4.507	176.053
62.4	2.401		4.653	169.538
62.6	2.279		4.534	181.436
62.8	2.266		4.564	178.612
63	2.791		4.62	170.183
63.2	1.841		4.589	181.143
63.4	1.561		4.643	157.045
63.6	1.849		4.523	168.252
63.8	1.919		4.424	170.067
64	1.769		4.454	158.208
64.2	2.327		4.47	199.783
64.4	2.105		4.498	149.942
64.6	2.207		4.437	160.884
64.8	1.943		4.64	166.566
65	1.871		4.508	178.871
65.2	1.659		4.556	163.37
65.4	1.97		4.467	162.958
65.6	1.764		4.625	154.653
65.8	1.839		4.442	170.574
66	1.911		4.559	157.553
66.2	2.091		4.572	160.239
66.4	1.895		4.578	170.905
66.6	2.394		4.465	156.976
66.8	2.095		4.454	174.961
67	2.121		4.45	164.962
67.2	1.999		4.5	169.821
67.4	2.079		4.557	138.226
67.6	1.771		4.501	169.452
67.8	1.729		4.482	173.229
68	1.624		4.414	166.51
68.2	1.891		4.619	183.146
68.4	1.703		4.42	169.432
68.6	1.541		4.561	166.778
68.8	1.954		4.552	144.295
69	1.965		4.409	160.193
69.2	2.197		4.555	182.332
69.4	2.121		4.433	173.967
69.6	1.95		4.488	161.666
69.8	2.071		4.509	179.836
70	2.265		4.545	156.921
70.2	1.569		4.492	202.052
70.4	2.04		4.461	194.557
70.6	2.348		4.548	192.021
70.8	1.659		4.48	173.838
71	1.613		4.481	208.044
71.2	2.094		4.475	179.467
71.4	2.101		4.587	188.562
71.6	2.803		4.438	161.292
71.8	3.341		4.412	122.892
72	3.031		4.693	159.686
72.2	3.41		4.577	152.36
72.4	3.44		4.574	134.405
72.6	3.043		4.569	127.133
72.8	3.35		4.396	116.482
73	3.678		4.515	149.234
73.2	3.426		4.483	119.385
73.4	3.335		4.51	133.231
73.6	2.172		4.492	179.454
73.8	3.249		4.568	145.835
74	3.451		4.585	148.582
74.2	3.23		4.499	139.646
74.4	2.812		4.543	129.16
74.6	2.396		4.549	136.341
74.8	2.491		4.539	171.317
75	1.942		4.458	161.501
75.2	2.064		4.454	150.709
75.4	1.972		4.508	188.424
75.6	2.834		4.53	162.872
75.8	2.626		4.594	176.109
76	2.551		4.64	183.708
76.2	3.392		4.556	136.638
76.4	3.543		4.502	112.87
76.6	3.412		4.531	108.321
76.8	3.235		4.662	124.422
77	3.711		4.517	121.56
77.2	3.704		4.523	128.196
77.4	3.554		4.633	103.658
77.6	3.508		4.587	130.971
77.8	3.64		4.633	113.393
78	2.978		4.714	137.077
78.2	3.547		4.696	123.668
78.4	3.569		4.627	111.809
78.6	3.744		4.625	103.189
78.8	3.68		4.484	105.854
79	3.308		4.541	140.166
79.2	3.394		4.473	123.442
79.4	2.68		4.541	169.435
79.6	3.41		4.52	139.953
79.8	2.368		4.656	182.031
80	3.322		4.506	129.986
80.2	2.695		4.553	155.584
80.4	2.49		4.573	179.672
80.6	3.024		4.479	130.183
80.8	3.037		4.687	145.454
81	3.127		4.506	136.114
81.2	2.66		4.767	151.464
81.4	3.572		4.47	117.778
81.6	3.742		4.483	128.113
81.8	3.269		4.601	130.584
82	3.821		4.463	127.119
82.2	2.888		4.603	166.188
82.4	2.461		4.571	187.898
82.6	2.458		4.593	194.458
82.8	2.242		4.614	213.025
83	1.943		4.41	190.186
83.2	1.566		4.431	173.621
83.4	2.302		4.495	190.69
83.6	2.261		4.578	210.866
83.8	1.905		4.511	202.558
84	1.909		4.422	179.12
84.2	1.945		4.502	180.111
84.4	2.266		4.49	164.957
84.6	2.649		4.568	151.92
84.8	2.167		4.549	218.277
85	1.944		4.521	183.179
85.2	1.575		4.563	179.413
85.4	2.175		4.572	173.542
85.6	1.837		4.512	157.375
85.8	1.853		4.492	169.731
86	2.022		4.481	168.491
86.2	1.718		4.529	168.758
86.4	1.955		4.445	190.54
86.6	2.701		4.514	149.957
86.8	2.862		4.557	145.773
87	3.096		4.55	149.998
87.2	2.595		4.515	146.786
87.4	2.898		4.574	167.08
87.6	3.362		4.555	155.421
87.8	2.822		4.505	168.823
88	2.848		4.551	147.079
88.2	2.994		4.537	162.65
88.4	2.793		4.549	152.254
88.6	2.07		4.554	181.542
88.8	2.912		4.527	172.872
89	2.119		4.542	191.279
89.2	2.721		4.513	189.188
89.4	2.887		4.548	150.022
89.6	2.793		4.524	140.332
89.8	2.676		4.694	133.17
90	3.528		4.605	128.215
90.2	2.635		4.556	147.559
90.4	3.006		4.557	146.989
90.6	3.084		4.558	154.389
90.8	2.607		4.593	180.023
91	3.452		4.613	157.638
91.2	3.241		4.544	167.81
91.4	2.031		4.485	180.618
91.6	1.712		4.347	163.17
91.8	1.464		4.618	197.812
92	2.04		4.548	172.423
92.2	1.936		4.469	175.824
92.4	1.523		4.508	188.794
92.6	1.809		4.452	204.666
92.8	1.908		4.625	201.118
93	2.032		4.382	172.081
93.2	2.707		4.522	126.287
93.4	1.972		4.541	192.853
93.6	2.018		4.481	199.616
93.8	1.775		4.516	161.988
94	2.089		4.487	158.285
94.2	2.49		4.529	188.478
94.4	2.344		4.68	177.939
94.6	2.347		4.471	186.081
94.8	2.109		4.407	196.077
95	2.986		4.634	192.867
95.2	2.043		4.488	182.445
95.4	2.053		4.602	173.613
95.6	2.075		4.539	147.239
95.8	1.908		4.475	145.225
96	2.542		4.565	168.841
96.2	1.966		4.528	179.187
96.4	2.272		4.601	177.674
96.6	2.408		4.508	160.075
96.8	2.233		4.545	162.037
97	2.131		4.567	165.386
97.2	2.333		4.51	173.645
97.4	2.432		4.497	187.319
97.6	2.076		4.497	188.577
97.8	2.178		4.439	189.012
98	2.481		4.465	183.555
98.2	2.157		4.559	188.471
98.4	2.208		4.474	180.921
98.6	2.645		4.598	193.366
98.8	2.362		4.495	183.993
99	2.277		4.565	185.478
99.2	2.283		4.467	158.508
99.4	2.789		4.567	168.35
99.6	2.322		4.532	172.998
99.8	2.426		4.546	179.615
100	2.615		4.526	173.366
100.2	2.551		4.512	185.098
100.4	2.406		4.625	181.016
100.6	2.226		4.548	176.256
100.8	2.124		4.507	162.885
101	2.395		4.515	190.002
101.2	2.189		4.545	166.23
101.4	2.342		4.589	173.454
101.6	2.343		4.453	184.979
101.8	2.135		4.448	176.632
102	2.348		4.473	172.802
102.2	2.3		4.539	172.266
102.4	2.38		4.402	151.033
102.6	2.459		4.566	177.494
102.8	2.1		4.485	175.166
103	2.24		4.489	185.183
103.2	1.773		4.457	172.643
103.4	1.966		4.612	186.819
103.6	2.587		4.691	175.194
103.8	2.459		4.659	182.329
104	2.502		4.642	201.72
104.2	2.373		4.732	183.962
104.4	2.592		4.768	208.657
104.6	2.811		4.758	187.548
104.8	2.469		4.564	178.989
105	2.356		4.764	205.572
105.2	2.421		4.57	174.973
105.4	2.087		4.599	176.815
105.6	2.383		4.706	168.151
105.8	3.153		4.786	179.392
106	2.763		4.815	194.869
106.2	2.343		4.749	167.442
106.4	2.199		4.578	176.452
106.6	2.563		4.78	156.479
106.8	2.591		4.681	177.745
107	2.534		4.754	158.945
107.2	2.449		4.594	196.306
107.4	2.537		4.587	182.145
107.6	2.613		4.753	175.461
107.8	2.046		4.652	187.582
108	3.023		4.766	169.891
108.2	2.547		4.698	193.438
108.4	2.764		4.794	174.989
108.6	2.572		4.724	174.214
108.8	2.415		4.626	173.795
109	2.652		4.803	170.366
109.2	2.768		4.731	174.732
109.4	2.81		4.853	149.881
109.6	2.765		4.695	166.015
109.8	2.353		4.766	164.096
110	2.652		4.916	175.611
110.2	2.533		4.681	152.906
110.4	2.543		4.743	145.717
110.6	2.404		4.493	147.754
110.8	2.771		4.784	164.662
111	2.636		4.808	161.996
111.2	2.537		4.841	172.757
111.4	2.867		4.596	154.659
111.6	2.814		4.839	169.211
111.8	2.719		4.762	150.029
112	2.782		4.804	179.79
112.2	2.296		4.775	175.001
112.4	2.57		4.706	175.367
112.6	2.553		4.691	174.345
112.8	2.93		4.886	158.849
113	2.661		4.733	152.127
113.2	2.553		4.737	163.186
113.4	2.824		4.669	152.786
113.6	2.719		4.709	156.979
113.8	2.73		4.81	160.511
114	2.64		4.764	156.011
114.2	2.926		4.794	158.52
114.4	2.704		4.74	152.03
114.6	2.606		4.566	159.006
114.8	2.608		4.831	168.185
115	2.811		4.654	146.057
115.2	2.812		4.675	167.527
115.4	2.804		4.934	158.825
115.6	2.781		4.862	156.22
115.8	2.815		4.815	143.596
116	2.817		4.726	148.107
116.2	3.349		4.749	125.941
116.4	2.706		4.73	153.782
116.6	2.515		4.689	158.259
116.8	3.215		4.808	148.8
117	2.982		4.811	158.303
117.2	3.327		4.669	121.449
117.4	3.577		4.789	132.395
117.6	3.349		4.813	144.415
117.8	3.315		4.726	166.676
118	3.397		4.658	160.613
118.2	3.044		4.739	145.185
118.4	3.504		4.809	129.674
118.6	3.012		4.659	132.607
118.8	3.214		4.78	124.204
119	3.052		4.698	173.163
119.2	3.418		4.687	136.433
119.4	3.122		4.743	131.6
119.6	3.278		4.84	143.818
119.8	3.265		4.676	152.424
120	3.25		4.659	155.353
120.2	2.82		4.596	165.509
120.4	3.295		4.646	129.182
120.6	3.355		4.765	147.615
120.8	3.498		4.796	151.266
121	3.425		4.738	130.241
121.2	3.249		4.874	151.688
121.4	3.202		4.934	163.362
121.6	3.671		4.837	131.863
121.8	3.476		4.769	138.209
122	3.748		4.789	148.384
122.2	3.162		4.847	160.749
122.4	2.906		4.783	158.701
122.6	3.261		4.834	155.99
122.8	3.041		4.755	156.497
123	3.159		4.748	154.722
123.2	3.327		4.799	155.038
123.4	2.938		4.726	175.836
123.6	2.793		4.829	170.787
123.8	3.11		4.799	148.511
124	3.074		4.754	164.283
124.2	3.138		4.904	162.965
124.4	3.321		4.718	158.299
124.6	2.779		4.681	193.022
124.8	3.406		4.919	135.06
125	3.161		4.727	173.037
125.2	3.712		4.833	158.33
125.4	3.082		4.748	156.11
125.6	2.962		4.876	163.086
125.8	2.941		4.785	168.999
126	2.831		4.745	152.553
126.2	2.831		4.707	146.078
126.4	3.823		4.755	156.176
126.6	3.574		4.826	154.987
126.8	3.481		4.826	153.019
127	3.415		4.821	136.85
127.2	3.674		4.853	124.41
127.4	3.533		4.812	139.946
127.6	3.649		4.772	135.227
127.8	3.321		4.733	124.968
128	3.358		4.74	150.746
128.2	3.587		4.81	139.539
128.4	2.895		4.658	161.732
128.6	3.136		4.873	172.681
128.8	3.204		4.856	167.138
129	2.888		4.679	159.182
129.2	2.82		4.624	156.738
129.4	3.042		4.738	166.051
129.6	3.711		4.613	123.246
129.8	3.023		4.839	160.003
130	3.161		4.705	160.118
130.2	3.216		4.74	155.538
130.4	3.19		4.76	153.182
130.6	2.925		4.65	154.876
130.8	3.23		4.694	153.06
131	3.066		4.627	180.182
131.2	3.216		4.647	143.763
131.4	3.312		4.752	156.476
131.6	3.15		4.744	152.099
131.8	2.726		4.722	157.576
132	2.919		4.74	150.124
132.2	2.972		4.648	154.865
132.4	2.873		4.788	161.875
132.6	3.532		4.735	146.773
132.8	3.019		4.805	134.081
133	3.635		4.84	149.495
133.2	3.993		4.822	145.19
133.4	3.08		4.718	143.108
133.6	3.113		4.601	137.143
133.8	2.924		4.637	149.074
134	3		4.769	165.368
134.2	3.478		4.724	163.94
134.4	3.873		4.666	129.187
134.6	3.518		4.799	142.659
134.8	3.236		4.688	156.452
135	3.165		4.746	169.383
135.2	3.599		4.874	135.63
135.4	3.62		4.797	130.36
135.6	3.407		4.848	136.078
135.8	3.312		4.683	153.407
136	3.428		4.679	153.692
136.2	2.889		4.608	140.03
136.4	3.258		4.764	161.81
136.6	3.084		4.864	164.358
136.8	2.816		4.638	182.56
137	3.239		4.712	134.354
137.2	2.349		4.696	182.266
137.4	2.927		4.817	162.716
137.6	2.966		4.836	155.548
137.8	2.821		4.7	163.202
138	2.475		4.713	172.349
138.2	2.737		4.723	160.202
138.4	2.937		4.781	160.688
138.6	2.896		4.845	165.35
138.8	3.344		4.753	134.112
139	3.167		4.784	148.867
139.2	2.683		4.802	152.752
139.4	2.654		4.901	155.993
139.6	2.851		4.794	166.255
139.8	2.874		4.789	175.232
140	3.18		4.816	145.854
140.2	2.683		4.806	141.125
140.4	2.668		4.749	158.889
140.6	2.484		4.791	179.369
140.8	2.759		4.77	145.488
141	2.811		4.765	166.779
141.2	2.964		4.739	150.448
141.4	3.446		4.798	145.037
141.6	2.898		4.771	160.829
141.8	3.124		4.829	151.856
142	2.818		4.751	159.986
142.2	2.681		4.824	180.667
142.4	2.472		4.874	180.397
142.6	2.983		4.83	157.725
142.8	3.249		4.756	156.536
143	2.683		4.678	163.641
143.2	2.982		4.792	162.541
143.4	3.273		4.89	172.086
143.6	2.883		4.759	172.697
143.8	3.039		4.662	162.254
144	3.217		4.768	155.737
144.2	3.443		4.645	140.488
144.4	3.649		4.837	148.734
144.6	3.293		4.802	178.428
144.8	3.285		4.783	129.115
145	3.761		4.806	135.867
145.2	3.089		4.547	127.913
145.4	3.139		4.764	151.609
145.6	3.317		4.698	146.203
145.8	2.925		4.777	157.647
146	2.858		4.77	160.069
146.2	3.229		4.717	145.878
146.4	3.534		4.84	135.228
146.6	2.707		4.755	142.359
146.8	2.916		4.754	138.965
147	3.008		4.733	152.481
147.2	2.741		4.817	166.071
147.4	3.137		4.709	148.467
147.6	2.908		4.774	148.939
147.8	2.647		4.688	172.955
148	3.496		4.753	154.201
148.2	2.821		4.768	152.028
148.4	2.821		4.863	160.79
148.6	2.919		4.691	148.243
148.8	2.862		4.795	152.662
149	2.967		4.845	175.427
149.2	2.737		4.825	160.941
149.4	3.046		4.802	161.951
149.6	3.039		4.76	161.923
149.8	2.792		4.766	173.573
150	2.921		4.867	184.29
150.2	2.864		4.833	157.467
150.4	2.756		4.765	167.636
150.6	3.044		4.802	153.025
150.8	3.066		4.78	138.343
151	2.667		4.678	176.578
151.2	2.916		4.524	180.176
151.4	2.914		4.658	158.801
151.6	3.132		4.663	145.073
151.8	3.466		4.65	162.685
152	3.598		4.905	157.417
152.2	3.439		4.607	165.372
152.4	3.854		4.724	148.616
152.6	4.221		4.855	160.87
152.8	3.195		4.784	132.966
153	3.417		4.749	150.96
153.2	3.373		4.778	153.913
153.4	3.743		4.837	161.237
153.6	3.893		4.869	172.565
153.8	3.654		4.815	149.134
154	3.726		4.74	127.481
154.2	3.771		4.801	172.837
154.4	3.629		4.664	162.102
154.6	3.891		4.769	175.118
154.8	3.883		4.678	170.226
155	3.935		4.837	187.037
155.2	4.048		4.869	181.368
155.4	3.662		4.705	164.927
155.6	4.055		4.759	162.345
155.8	4.005		4.768	172.11
156	4.059		4.883	188.884
156.2	3.675		4.684	190.452
156.4	4.108		4.729	169.533
156.6	3.816		4.711	174.408
156.8	4.147		4.825	182.921
157	4.041		4.806	179.2
157.2	3.578		4.774	160.819
157.4	4.086		4.571	180.921
157.6	3.452		4.694	203.075
157.8	4.308		4.81	201.468
158	3.81		4.827	187.671
158.2	3.596		4.819	211.056
158.4	3.992		4.709	180.971
158.6	3.978		4.765	195.539
158.8	4.028		4.647	201.107
159	3.584		4.907	181.481
159.2	3.516		4.745	179.667
159.4	3.991		4.804	177.038
159.6	3.965		4.806	192.796
159.8	3.636		4.524	206.373
160	3.655		4.517	175.666
160.2	3.391		4.622	183.941
160.4	3.396		4.496	176.801
160.6	3.433		4.533	191.1
160.8	3.613		4.441	178.097
161	3.209		4.525	172.024
161.2	3.877		4.416	166.239
161.4	3.989		4.51	186.813
161.6	3.7		4.538	168.559
161.8	3.695		4.579	183.495
162	3.63		4.546	161.095
162.2	4.154		4.552	180.588
162.4	3.519		4.612	159.483
162.6	4.059		4.568	212.342
162.8	3.652		4.593	170.382
163	3.191		4.507	152.91
163.2	3.516		4.528	168.438
163.4	3.811		4.472	186.044
163.6	3.742		4.536	161.188
163.8	3.568		4.604	153.565
164	3.283		4.547	154.341
164.2	3.261		4.495	186.566
164.4	4.297		4.499	165.476
164.6	4.061		4.685	153.262
164.8	3.887		4.609	147.148
165	3.532		4.486	160.368
165.2	3.971		4.438	150.814
165.4	3.928		4.475	167.664
165.6	3.867		4.519	156.411
165.8	3.928		4.564	145.932
166	3.976		4.47	117.209
166.2	3.609		4.54	153.782
166.4	4.032		4.487	155.075
166.6	3.71		4.534	141.003
166.8	4.084		4.495	140.6
167	4.147		4.579	141.763
167.2	3.665		4.477	160.298
167.4	3.766		4.458	146.594
167.6	3.904		4.596	166.869
167.8	3.51		4.585	177.407
168	3.501		4.515	174.936
168.2	3.542		4.526	149.456
168.4	3.555		4.548	150.223
168.6	3.723		4.491	152.333
168.8	3.11		4.524	138.628
169	4.13		4.494	144.77
169.2	3.545		4.616	123.243
169.4	3.476		4.552	158.338
169.6	3.821		4.571	138.401
169.8	3.377		4.5	178.941
170	3.564		4.497	148.848
170.2	3.524		4.576	176.819
170.4	4.288		4.511	168.138
170.6	3.962		4.551	136.221
170.8	4.225		4.54	161.768
171	4.138		4.662	174.051
171.2	3.907		4.53	151.463
171.4	3.502		4.521	129.849
171.6	3.56		4.546	141.639
171.8	3.993		4.475	125.929
172	3.806		4.482	152.795
172.2	3.896		4.568	165.678
172.4	3.689		4.53	172.122
172.6	3.937		4.522	163.045
172.8	3.592		4.489	162.758
173	3.164		4.464	151.688
173.2	3.644		4.439	160.836
173.4	3.956		4.569	183.316
173.6	3.966		4.468	157.684
173.8	3.846		4.558	155.221
174	4.03		4.541	164.586
174.2	3.813		4.561	172.66
174.4	3.944		4.583	165.124
174.6	3.755		4.518	141.919
174.8	3.78		4.593	171.325
175	3.63		4.512	163.959
175.2	3.934		4.457	155.648
175.4	3.281		4.592	153.672
175.6	3.612		4.54	154.975
175.8	3.436		4.474	157.276
176	3.378		4.529	162.179
176.2	3.465		4.53	150.387
176.4	3.604		4.546	164.367
176.6	3.673		4.564	176.639
176.8	3.643		4.627	162.97
177	3.617		4.622	139.756
177.2	3.488		4.627	146.966
177.4	3.353		4.55	159.388
177.6	3.663		4.485	150.702
177.8	3.915		4.514	137.746
178	3.241		4.649	171.752
178.2	3.765		4.585	143.455
178.4	3.687		4.534	177.93
178.6	3.717		4.567	172.052
178.8	3.512		4.477	156.755
179	3.396		4.57	160.249
179.2	3.445		4.557	152.53
179.4	3.908		4.56	164.754
179.6	3.681		4.466	148.659
179.8	3.599		4.542	168.003
180	3.799		4.595	142.814
180.2	3.822		4.507	160.388
180.4	3.563		4.59	159.378
180.6	3.706		4.572	172.8
180.8	3.803		4.496	133.264
181	3.677		4.469	144.099
181.2	3.468		4.63	178.689
181.4	3.653		4.55	160.511
181.6	4.274		4.482	160.647
181.8	3.824		4.545	167.772
182	3.689		4.658	170.898
182.2	3.488		4.582	157.58
182.4	4.029		4.494	176.977
182.6	3.566		4.564	191.891
182.8	3.569		4.556	158.665
183	3.804		4.466	169.966
183.2	3.635		4.503	161.905
183.4	3.572		4.565	170.703
183.6	3.437		4.58	185.868
183.8	3.447		4.602	172.81
184	3.52		4.525	184.145
184.2	3.516		4.541	182.603
184.4	3.964		4.484	165.407
184.6	4.001		4.543	162.889
184.8	3.577		4.554	160.277
185	3.331		4.554	176.041
185.2	3.413		4.546	140.088
185.4	3.521		4.502	156.493
185.6	3.519		4.622	125.846
185.8	3.863		4.637	156.971
186	3.558		4.562	182.304
186.2	3.91		4.538	148.777
186.4	3.752		4.587	169.858
186.6	3.559		4.45	161.868
186.8	3.744		4.512	166.81
187	3.211		4.53	161.03
187.2	3.176		4.516	167.756
187.4	3.528		4.518	133.824
187.6	3.507		4.484	164.192
187.8	3.421		4.563	140.984
188	3.648		4.501	156.086
188.2	3.553		4.582	155.719
188.4	3.698		4.518	162.169
188.6	3.283		4.582	167.693
188.8	3.567		4.621	172.002
189	3.713		4.527	162.784
189.2	3.978		4.498	154.527
189.4	3.436		4.488	169.989
189.6	3.703		4.589	149.844
189.8	4.01		4.514	151.495
190	3.567		4.585	170.943
190.2	3.752		4.565	154.395
190.4	3.864		4.487	156.525
190.6	3.511		4.481	176.485
190.8	3.756		4.522	168.899
191	3.755		4.528	192.077
191.2	3.324		4.501	191.898
191.4	3.77		4.441	154.838
191.6	3.514		4.53	175.755
191.8	3.861		4.472	154.878
192	3.881		4.58	205.923
192.2	3.822		4.634	167.229
192.4	3.948		4.59	187.356
192.6	3.792		4.415	180.625
192.8	3.675		4.529	174.071
193	3.726		4.574	167.613
193.2	3.89		4.653	174.019
193.4	4.007		4.565	187.558
193.6	3.906		4.543	181.106
193.8	3.441		4.445	188.229
194	3.563		4.581	194.517
194.2	3.293		4.609	173.113
194.4	3.557		4.572	169.573
194.6	3.506		4.53	147.335
194.8	3.537		4.55	173.337
195	3.202		4.547	194.989
195.2	3.543		4.517	157.328
195.4	3.044		4.423	183.32
195.6	3.845		4.564	167.069
195.8	3.758		4.454	166.51
196	3.755		4.516	164.18
196.2	3.842		4.584	170.698
196.4	3.498		4.597	172.721
196.6	3.405		4.635	203.176
196.8	3.639		4.528	192.203
197	3.708		4.581	182.536
197.2	3.799		4.611	188.955
197.4	3.418		4.528	180.936
197.6	3.782		4.592	184.301
197.8	3.516		4.555	163.718
198	3.631		4.453	161.819
198.2	3.494		4.45	161.947
198.4	3.771		4.439	156.527
198.6	3.353		4.451	155.302
198.8	3.437		4.385	152.19
199	3.74		4.54	155.657
199.2	3.868		4.595	158.402
199.4	3.954		4.53	149.867
199.6	3.43		4.593	175.104
199.8	3.3		4.66	181.005
200	3.848		4.461	158.211
200.2	3.422		4.493	157.339
